1, 10, 100, 1000, 10000, 
2, 20, 200, 2000, 8889, 
3, 30, 300, 3000, 7778, 
4, 40, 400, 4000, 6667, 
5, 50, 500, 5000, 5556, 
6, 60, 600, 6000, 4445, 
7, 70, 700, 7000, 3334, 
8, 80, 800, 8000, 2223, 
9, 90, 900, 9000, 1112, 
11, 110, 1100, 11000, 10001, 
12, 120, 1200, 889, 8890, 
13, 130, 1300, 1889, 7779, 
14, 140, 1400, 2889, 6668, 
15, 150, 1500, 3889, 5557, 
16, 160, 1600, 4889, 4446, 
17, 170, 1700, 5889, 3335, 
18, 180, 1800, 6889, 2224, 
19, 190, 1900, 7889, 1113, 
21, 210, 2100, 9889, 10002, 
22, 220, 2200, 10889, 8891, 
23, 230, 2300, 778, 7780, 
24, 240, 2400, 1778, 6669, 
25, 250, 2500, 2778, 5558, 
26, 260, 2600, 3778, 4447, 
27, 270, 2700, 4778, 3336, 
28, 280, 2800, 5778, 2225, 
29, 290, 2900, 6778, 1114, 
31, 310, 3100, 8778, 10003, 
32, 320, 3200, 9778, 8892, 
33, 330, 3300, 10778, 7781, 
34, 340, 3400, 667, 6670, 
35, 350, 3500, 1667, 5559, 
36, 360, 3600, 2667, 4448, 
37, 370, 3700, 3667, 3337, 
38, 380, 3800, 4667, 2226, 
39, 390, 3900, 5667, 1115, 
41, 410, 4100, 7667, 10004, 
42, 420, 4200, 8667, 8893, 
43, 430, 4300, 9667, 7782, 
44, 440, 4400, 10667, 6671, 
45, 450, 4500, 556, 5560, 
46, 460, 4600, 1556, 4449, 
47, 470, 4700, 2556, 3338, 
48, 480, 4800, 3556, 2227, 
49, 490, 4900, 4556, 1116, 
51, 510, 5100, 6556, 10005, 
52, 520, 5200, 7556, 8894, 
53, 530, 5300, 8556, 7783, 
54, 540, 5400, 9556, 6672, 
55, 550, 5500, 10556, 5561, 
56, 560, 5600, 445, 4450, 
57, 570, 5700, 1445, 3339, 
58, 580, 5800, 2445, 2228, 
59, 590, 5900, 3445, 1117, 
61, 610, 6100, 5445, 10006, 
62, 620, 6200, 6445, 8895, 
63, 630, 6300, 7445, 7784, 
64, 640, 6400, 8445, 6673, 
65, 650, 6500, 9445, 5562, 
66, 660, 6600, 10445, 4451, 
67, 670, 6700, 334, 3340, 
68, 680, 6800, 1334, 2229, 
69, 690, 6900, 2334, 1118, 
71, 710, 7100, 4334, 10007, 
72, 720, 7200, 5334, 8896, 
73, 730, 7300, 6334, 7785, 
74, 740, 7400, 7334, 6674, 
75, 750, 7500, 8334, 5563, 
76, 760, 7600, 9334, 4452, 
77, 770, 7700, 10334, 3341, 
78, 780, 7800, 223, 2230, 
79, 790, 7900, 1223, 1119, 
81, 810, 8100, 3223, 10008, 
82, 820, 8200, 4223, 8897, 
83, 830, 8300, 5223, 7786, 
84, 840, 8400, 6223, 6675, 
85, 850, 8500, 7223, 5564, 
86, 860, 8600, 8223, 4453, 
87, 870, 8700, 9223, 3342, 
88, 880, 8800, 10223, 2231, 
89, 890, 8900, 112, 1120, 
91, 910, 9100, 2112, 10009, 
92, 920, 9200, 3112, 8898, 
93, 930, 9300, 4112, 7787, 
94, 940, 9400, 5112, 6676, 
95, 950, 9500, 6112, 5565, 
96, 960, 9600, 7112, 4454, 
97, 970, 9700, 8112, 3343, 
98, 980, 9800, 9112, 2232, 
99, 990, 9900, 10112, 1121, 
101, 1010, 10100, 1001, 10010, 
102, 1020, 10200, 2001, 8899, 
103, 1030, 10300, 3001, 7788, 
104, 1040, 10400, 4001, 6677, 
105, 1050, 10500, 5001, 5566, 
106, 1060, 10600, 6001, 4455, 
107, 1070, 10700, 7001, 3344, 
108, 1080, 10800, 8001, 2233, 
109, 1090, 10900, 9001, 1122, 
111, 1110, 11100, 11001, 10011, 
113, 1130, 189, 1890, 7789, 
114, 1140, 289, 2890, 6678, 
115, 1150, 389, 3890, 5567, 
116, 1160, 489, 4890, 4456, 
117, 1170, 589, 5890, 3345, 
118, 1180, 689, 6890, 2234, 
119, 1190, 789, 7890, 1123, 
121, 1210, 989, 9890, 10012, 
122, 1220, 1089, 10890, 8901, 
123, 1230, 1189, 779, 7790, 
124, 1240, 1289, 1779, 6679, 
125, 1250, 1389, 2779, 5568, 
126, 1260, 1489, 3779, 4457, 
127, 1270, 1589, 4779, 3346, 
128, 1280, 1689, 5779, 2235, 
129, 1290, 1789, 6779, 1124, 
131, 1310, 1989, 8779, 10013, 
132, 1320, 2089, 9779, 8902, 
133, 1330, 2189, 10779, 7791, 
134, 1340, 2289, 668, 6680, 
135, 1350, 2389, 1668, 5569, 
136, 1360, 2489, 2668, 4458, 
137, 1370, 2589, 3668, 3347, 
138, 1380, 2689, 4668, 2236, 
139, 1390, 2789, 5668, 1125, 
141, 1410, 2989, 7668, 10014, 
142, 1420, 3089, 8668, 8903, 
143, 1430, 3189, 9668, 7792, 
144, 1440, 3289, 10668, 6681, 
145, 1450, 3389, 557, 5570, 
146, 1460, 3489, 1557, 4459, 
147, 1470, 3589, 2557, 3348, 
148, 1480, 3689, 3557, 2237, 
149, 1490, 3789, 4557, 1126, 
151, 1510, 3989, 6557, 10015, 
152, 1520, 4089, 7557, 8904, 
153, 1530, 4189, 8557, 7793, 
154, 1540, 4289, 9557, 6682, 
155, 1550, 4389, 10557, 5571, 
156, 1560, 4489, 446, 4460, 
157, 1570, 4589, 1446, 3349, 
158, 1580, 4689, 2446, 2238, 
159, 1590, 4789, 3446, 1127, 
161, 1610, 4989, 5446, 10016, 
162, 1620, 5089, 6446, 8905, 
163, 1630, 5189, 7446, 7794, 
164, 1640, 5289, 8446, 6683, 
165, 1650, 5389, 9446, 5572, 
166, 1660, 5489, 10446, 4461, 
167, 1670, 5589, 335, 3350, 
168, 1680, 5689, 1335, 2239, 
169, 1690, 5789, 2335, 1128, 
171, 1710, 5989, 4335, 10017, 
172, 1720, 6089, 5335, 8906, 
173, 1730, 6189, 6335, 7795, 
174, 1740, 6289, 7335, 6684, 
175, 1750, 6389, 8335, 5573, 
176, 1760, 6489, 9335, 4462, 
177, 1770, 6589, 10335, 3351, 
178, 1780, 6689, 224, 2240, 
179, 1790, 6789, 1224, 1129, 
181, 1810, 6989, 3224, 10018, 
182, 1820, 7089, 4224, 8907, 
183, 1830, 7189, 5224, 7796, 
184, 1840, 7289, 6224, 6685, 
185, 1850, 7389, 7224, 5574, 
186, 1860, 7489, 8224, 4463, 
187, 1870, 7589, 9224, 3352, 
188, 1880, 7689, 10224, 2241, 
191, 1910, 7989, 2113, 10019, 
192, 1920, 8089, 3113, 8908, 
193, 1930, 8189, 4113, 7797, 
194, 1940, 8289, 5113, 6686, 
195, 1950, 8389, 6113, 5575, 
196, 1960, 8489, 7113, 4464, 
197, 1970, 8589, 8113, 3353, 
198, 1980, 8689, 9113, 2242, 
199, 1990, 8789, 10113, 1131, 
201, 2010, 8989, 1002, 10020, 
202, 2020, 9089, 2002, 8909, 
203, 2030, 9189, 3002, 7798, 
204, 2040, 9289, 4002, 6687, 
205, 2050, 9389, 5002, 5576, 
206, 2060, 9489, 6002, 4465, 
207, 2070, 9589, 7002, 3354, 
208, 2080, 9689, 8002, 2243, 
209, 2090, 9789, 9002, 1132, 
211, 2110, 9989, 11002, 10021, 
212, 2120, 10089, 891, 8910, 
213, 2130, 10189, 1891, 7799, 
214, 2140, 10289, 2891, 6688, 
215, 2150, 10389, 3891, 5577, 
216, 2160, 10489, 4891, 4466, 
217, 2170, 10589, 5891, 3355, 
218, 2180, 10689, 6891, 2244, 
219, 2190, 10789, 7891, 1133, 
221, 2210, 10989, 9891, 10022, 
222, 2220, 11089, 10891, 8911, 
225, 2250, 278, 2780, 5578, 
226, 2260, 378, 3780, 4467, 
227, 2270, 478, 4780, 3356, 
228, 2280, 578, 5780, 2245, 
229, 2290, 678, 6780, 1134, 
231, 2310, 878, 8780, 10023, 
232, 2320, 978, 9780, 8912, 
233, 2330, 1078, 10780, 7801, 
234, 2340, 1178, 669, 6690, 
235, 2350, 1278, 1669, 5579, 
236, 2360, 1378, 2669, 4468, 
237, 2370, 1478, 3669, 3357, 
238, 2380, 1578, 4669, 2246, 
239, 2390, 1678, 5669, 1135, 
241, 2410, 1878, 7669, 10024, 
242, 2420, 1978, 8669, 8913, 
243, 2430, 2078, 9669, 7802, 
244, 2440, 2178, 10669, 6691, 
245, 2450, 2278, 558, 5580, 
246, 2460, 2378, 1558, 4469, 
247, 2470, 2478, 2558, 3358, 
248, 2480, 2578, 3558, 2247, 
249, 2490, 2678, 4558, 1136, 
251, 2510, 2878, 6558, 10025, 
252, 2520, 2978, 7558, 8914, 
253, 2530, 3078, 8558, 7803, 
254, 2540, 3178, 9558, 6692, 
255, 2550, 3278, 10558, 5581, 
256, 2560, 3378, 447, 4470, 
257, 2570, 3478, 1447, 3359, 
258, 2580, 3578, 2447, 2248, 
259, 2590, 3678, 3447, 1137, 
261, 2610, 3878, 5447, 10026, 
262, 2620, 3978, 6447, 8915, 
263, 2630, 4078, 7447, 7804, 
264, 2640, 4178, 8447, 6693, 
265, 2650, 4278, 9447, 5582, 
266, 2660, 4378, 10447, 4471, 
267, 2670, 4478, 336, 3360, 
268, 2680, 4578, 1336, 2249, 
269, 2690, 4678, 2336, 1138, 
271, 2710, 4878, 4336, 10027, 
272, 2720, 4978, 5336, 8916, 
273, 2730, 5078, 6336, 7805, 
274, 2740, 5178, 7336, 6694, 
275, 2750, 5278, 8336, 5583, 
276, 2760, 5378, 9336, 4472, 
277, 2770, 5478, 10336, 3361, 
279, 2790, 5678, 1225, 1139, 
281, 2810, 5878, 3225, 10028, 
282, 2820, 5978, 4225, 8917, 
283, 2830, 6078, 5225, 7806, 
284, 2840, 6178, 6225, 6695, 
285, 2850, 6278, 7225, 5584, 
286, 2860, 6378, 8225, 4473, 
287, 2870, 6478, 9225, 3362, 
288, 2880, 6578, 10225, 2251, 
291, 2910, 6878, 2114, 10029, 
292, 2920, 6978, 3114, 8918, 
293, 2930, 7078, 4114, 7807, 
294, 2940, 7178, 5114, 6696, 
295, 2950, 7278, 6114, 5585, 
296, 2960, 7378, 7114, 4474, 
297, 2970, 7478, 8114, 3363, 
298, 2980, 7578, 9114, 2252, 
299, 2990, 7678, 10114, 1141, 
301, 3010, 7878, 1003, 10030, 
302, 3020, 7978, 2003, 8919, 
303, 3030, 8078, 3003, 7808, 
304, 3040, 8178, 4003, 6697, 
305, 3050, 8278, 5003, 5586, 
306, 3060, 8378, 6003, 4475, 
307, 3070, 8478, 7003, 3364, 
308, 3080, 8578, 8003, 2253, 
309, 3090, 8678, 9003, 1142, 
311, 3110, 8878, 11003, 10031, 
312, 3120, 8978, 892, 8920, 
313, 3130, 9078, 1892, 7809, 
314, 3140, 9178, 2892, 6698, 
315, 3150, 9278, 3892, 5587, 
316, 3160, 9378, 4892, 4476, 
317, 3170, 9478, 5892, 3365, 
318, 3180, 9578, 6892, 2254, 
319, 3190, 9678, 7892, 1143, 
321, 3210, 9878, 9892, 10032, 
322, 3220, 9978, 10892, 8921, 
323, 3230, 10078, 781, 7810, 
324, 3240, 10178, 1781, 6699, 
325, 3250, 10278, 2781, 5588, 
326, 3260, 10378, 3781, 4477, 
327, 3270, 10478, 4781, 3366, 
328, 3280, 10578, 5781, 2255, 
329, 3290, 10678, 6781, 1144, 
331, 3310, 10878, 8781, 10033, 
332, 3320, 10978, 9781, 8922, 
333, 3330, 11078, 10781, 7811, 
337, 3370, 367, 3670, 3367, 
338, 3380, 467, 4670, 2256, 
339, 3390, 567, 5670, 1145, 
341, 3410, 767, 7670, 10034, 
342, 3420, 867, 8670, 8923, 
343, 3430, 967, 9670, 7812, 
344, 3440, 1067, 10670, 6701, 
345, 3450, 1167, 559, 5590, 
346, 3460, 1267, 1559, 4479, 
347, 3470, 1367, 2559, 3368, 
348, 3480, 1467, 3559, 2257, 
349, 3490, 1567, 4559, 1146, 
351, 3510, 1767, 6559, 10035, 
352, 3520, 1867, 7559, 8924, 
353, 3530, 1967, 8559, 7813, 
354, 3540, 2067, 9559, 6702, 
355, 3550, 2167, 10559, 5591, 
356, 3560, 2267, 448, 4480, 
357, 3570, 2367, 1448, 3369, 
358, 3580, 2467, 2448, 2258, 
359, 3590, 2567, 3448, 1147, 
361, 3610, 2767, 5448, 10036, 
362, 3620, 2867, 6448, 8925, 
363, 3630, 2967, 7448, 7814, 
364, 3640, 3067, 8448, 6703, 
365, 3650, 3167, 9448, 5592, 
366, 3660, 3267, 10448, 4481, 
368, 3680, 3467, 1337, 2259, 
369, 3690, 3567, 2337, 1148, 
371, 3710, 3767, 4337, 10037, 
372, 3720, 3867, 5337, 8926, 
373, 3730, 3967, 6337, 7815, 
374, 3740, 4067, 7337, 6704, 
375, 3750, 4167, 8337, 5593, 
376, 3760, 4267, 9337, 4482, 
377, 3770, 4367, 10337, 3371, 
379, 3790, 4567, 1226, 1149, 
381, 3810, 4767, 3226, 10038, 
382, 3820, 4867, 4226, 8927, 
383, 3830, 4967, 5226, 7816, 
384, 3840, 5067, 6226, 6705, 
385, 3850, 5167, 7226, 5594, 
386, 3860, 5267, 8226, 4483, 
387, 3870, 5367, 9226, 3372, 
388, 3880, 5467, 10226, 2261, 
391, 3910, 5767, 2115, 10039, 
392, 3920, 5867, 3115, 8928, 
393, 3930, 5967, 4115, 7817, 
394, 3940, 6067, 5115, 6706, 
395, 3950, 6167, 6115, 5595, 
396, 3960, 6267, 7115, 4484, 
397, 3970, 6367, 8115, 3373, 
398, 3980, 6467, 9115, 2262, 
399, 3990, 6567, 10115, 1151, 
401, 4010, 6767, 1004, 10040, 
402, 4020, 6867, 2004, 8929, 
403, 4030, 6967, 3004, 7818, 
404, 4040, 7067, 4004, 6707, 
405, 4050, 7167, 5004, 5596, 
406, 4060, 7267, 6004, 4485, 
407, 4070, 7367, 7004, 3374, 
408, 4080, 7467, 8004, 2263, 
409, 4090, 7567, 9004, 1152, 
411, 4110, 7767, 11004, 10041, 
412, 4120, 7867, 893, 8930, 
413, 4130, 7967, 1893, 7819, 
414, 4140, 8067, 2893, 6708, 
415, 4150, 8167, 3893, 5597, 
416, 4160, 8267, 4893, 4486, 
417, 4170, 8367, 5893, 3375, 
418, 4180, 8467, 6893, 2264, 
419, 4190, 8567, 7893, 1153, 
421, 4210, 8767, 9893, 10042, 
422, 4220, 8867, 10893, 8931, 
423, 4230, 8967, 782, 7820, 
424, 4240, 9067, 1782, 6709, 
425, 4250, 9167, 2782, 5598, 
426, 4260, 9267, 3782, 4487, 
427, 4270, 9367, 4782, 3376, 
428, 4280, 9467, 5782, 2265, 
429, 4290, 9567, 6782, 1154, 
431, 4310, 9767, 8782, 10043, 
432, 4320, 9867, 9782, 8932, 
433, 4330, 9967, 10782, 7821, 
434, 4340, 10067, 671, 6710, 
435, 4350, 10167, 1671, 5599, 
436, 4360, 10267, 2671, 4488, 
437, 4370, 10367, 3671, 3377, 
438, 4380, 10467, 4671, 2266, 
439, 4390, 10567, 5671, 1155, 
441, 4410, 10767, 7671, 10044, 
442, 4420, 10867, 8671, 8933, 
443, 4430, 10967, 9671, 7822, 
444, 4440, 11067, 10671, 6711, 
449, 4490, 456, 4560, 1156, 
451, 4510, 656, 6560, 10045, 
452, 4520, 756, 7560, 8934, 
453, 4530, 856, 8560, 7823, 
454, 4540, 956, 9560, 6712, 
455, 4550, 1056, 10560, 5601, 
457, 4570, 1256, 1449, 3379, 
458, 4580, 1356, 2449, 2268, 
459, 4590, 1456, 3449, 1157, 
461, 4610, 1656, 5449, 10046, 
462, 4620, 1756, 6449, 8935, 
463, 4630, 1856, 7449, 7824, 
464, 4640, 1956, 8449, 6713, 
465, 4650, 2056, 9449, 5602, 
466, 4660, 2156, 10449, 4491, 
468, 4680, 2356, 1338, 2269, 
469, 4690, 2456, 2338, 1158, 
471, 4710, 2656, 4338, 10047, 
472, 4720, 2756, 5338, 8936, 
473, 4730, 2856, 6338, 7825, 
474, 4740, 2956, 7338, 6714, 
475, 4750, 3056, 8338, 5603, 
476, 4760, 3156, 9338, 4492, 
477, 4770, 3256, 10338, 3381, 
479, 4790, 3456, 1227, 1159, 
481, 4810, 3656, 3227, 10048, 
482, 4820, 3756, 4227, 8937, 
483, 4830, 3856, 5227, 7826, 
484, 4840, 3956, 6227, 6715, 
485, 4850, 4056, 7227, 5604, 
486, 4860, 4156, 8227, 4493, 
487, 4870, 4256, 9227, 3382, 
488, 4880, 4356, 10227, 2271, 
491, 4910, 4656, 2116, 10049, 
492, 4920, 4756, 3116, 8938, 
493, 4930, 4856, 4116, 7827, 
494, 4940, 4956, 5116, 6716, 
495, 4950, 5056, 6116, 5605, 
496, 4960, 5156, 7116, 4494, 
497, 4970, 5256, 8116, 3383, 
498, 4980, 5356, 9116, 2272, 
499, 4990, 5456, 10116, 1161, 
501, 5010, 5656, 1005, 10050, 
502, 5020, 5756, 2005, 8939, 
503, 5030, 5856, 3005, 7828, 
504, 5040, 5956, 4005, 6717, 
505, 5050, 6056, 5005, 5606, 
506, 5060, 6156, 6005, 4495, 
507, 5070, 6256, 7005, 3384, 
508, 5080, 6356, 8005, 2273, 
509, 5090, 6456, 9005, 1162, 
511, 5110, 6656, 11005, 10051, 
512, 5120, 6756, 894, 8940, 
513, 5130, 6856, 1894, 7829, 
514, 5140, 6956, 2894, 6718, 
515, 5150, 7056, 3894, 5607, 
516, 5160, 7156, 4894, 4496, 
517, 5170, 7256, 5894, 3385, 
518, 5180, 7356, 6894, 2274, 
519, 5190, 7456, 7894, 1163, 
521, 5210, 7656, 9894, 10052, 
522, 5220, 7756, 10894, 8941, 
523, 5230, 7856, 783, 7830, 
524, 5240, 7956, 1783, 6719, 
525, 5250, 8056, 2783, 5608, 
526, 5260, 8156, 3783, 4497, 
527, 5270, 8256, 4783, 3386, 
528, 5280, 8356, 5783, 2275, 
529, 5290, 8456, 6783, 1164, 
531, 5310, 8656, 8783, 10053, 
532, 5320, 8756, 9783, 8942, 
533, 5330, 8856, 10783, 7831, 
534, 5340, 8956, 672, 6720, 
535, 5350, 9056, 1672, 5609, 
536, 5360, 9156, 2672, 4498, 
537, 5370, 9256, 3672, 3387, 
538, 5380, 9356, 4672, 2276, 
539, 5390, 9456, 5672, 1165, 
541, 5410, 9656, 7672, 10054, 
542, 5420, 9756, 8672, 8943, 
543, 5430, 9856, 9672, 7832, 
544, 5440, 9956, 10672, 6721, 
545, 5450, 10056, 561, 5610, 
546, 5460, 10156, 1561, 4499, 
547, 5470, 10256, 2561, 3388, 
548, 5480, 10356, 3561, 2277, 
549, 5490, 10456, 4561, 1166, 
551, 5510, 10656, 6561, 10055, 
552, 5520, 10756, 7561, 8944, 
553, 5530, 10856, 8561, 7833, 
554, 5540, 10956, 9561, 6722, 
555, 5550, 11056, 10561, 5611, 
562, 5620, 645, 6450, 8945, 
563, 5630, 745, 7450, 7834, 
564, 5640, 845, 8450, 6723, 
565, 5650, 945, 9450, 5612, 
566, 5660, 1045, 10450, 4501, 
568, 5680, 1245, 1339, 2279, 
569, 5690, 1345, 2339, 1168, 
571, 5710, 1545, 4339, 10057, 
572, 5720, 1645, 5339, 8946, 
573, 5730, 1745, 6339, 7835, 
574, 5740, 1845, 7339, 6724, 
575, 5750, 1945, 8339, 5613, 
576, 5760, 2045, 9339, 4502, 
577, 5770, 2145, 10339, 3391, 
579, 5790, 2345, 1228, 1169, 
581, 5810, 2545, 3228, 10058, 
582, 5820, 2645, 4228, 8947, 
583, 5830, 2745, 5228, 7836, 
584, 5840, 2845, 6228, 6725, 
585, 5850, 2945, 7228, 5614, 
586, 5860, 3045, 8228, 4503, 
587, 5870, 3145, 9228, 3392, 
588, 5880, 3245, 10228, 2281, 
591, 5910, 3545, 2117, 10059, 
592, 5920, 3645, 3117, 8948, 
593, 5930, 3745, 4117, 7837, 
594, 5940, 3845, 5117, 6726, 
595, 5950, 3945, 6117, 5615, 
596, 5960, 4045, 7117, 4504, 
597, 5970, 4145, 8117, 3393, 
598, 5980, 4245, 9117, 2282, 
599, 5990, 4345, 10117, 1171, 
601, 6010, 4545, 1006, 10060, 
602, 6020, 4645, 2006, 8949, 
603, 6030, 4745, 3006, 7838, 
604, 6040, 4845, 4006, 6727, 
605, 6050, 4945, 5006, 5616, 
606, 6060, 5045, 6006, 4505, 
607, 6070, 5145, 7006, 3394, 
608, 6080, 5245, 8006, 2283, 
609, 6090, 5345, 9006, 1172, 
611, 6110, 5545, 11006, 10061, 
612, 6120, 5645, 895, 8950, 
613, 6130, 5745, 1895, 7839, 
614, 6140, 5845, 2895, 6728, 
615, 6150, 5945, 3895, 5617, 
616, 6160, 6045, 4895, 4506, 
617, 6170, 6145, 5895, 3395, 
618, 6180, 6245, 6895, 2284, 
619, 6190, 6345, 7895, 1173, 
621, 6210, 6545, 9895, 10062, 
622, 6220, 6645, 10895, 8951, 
623, 6230, 6745, 784, 7840, 
624, 6240, 6845, 1784, 6729, 
625, 6250, 6945, 2784, 5618, 
626, 6260, 7045, 3784, 4507, 
627, 6270, 7145, 4784, 3396, 
628, 6280, 7245, 5784, 2285, 
629, 6290, 7345, 6784, 1174, 
631, 6310, 7545, 8784, 10063, 
632, 6320, 7645, 9784, 8952, 
633, 6330, 7745, 10784, 7841, 
634, 6340, 7845, 673, 6730, 
635, 6350, 7945, 1673, 5619, 
636, 6360, 8045, 2673, 4508, 
637, 6370, 8145, 3673, 3397, 
638, 6380, 8245, 4673, 2286, 
639, 6390, 8345, 5673, 1175, 
641, 6410, 8545, 7673, 10064, 
642, 6420, 8645, 8673, 8953, 
643, 6430, 8745, 9673, 7842, 
644, 6440, 8845, 10673, 6731, 
646, 6460, 9045, 1562, 4509, 
647, 6470, 9145, 2562, 3398, 
648, 6480, 9245, 3562, 2287, 
649, 6490, 9345, 4562, 1176, 
651, 6510, 9545, 6562, 10065, 
652, 6520, 9645, 7562, 8954, 
653, 6530, 9745, 8562, 7843, 
654, 6540, 9845, 9562, 6732, 
655, 6550, 9945, 10562, 5621, 
657, 6570, 10145, 1451, 3399, 
658, 6580, 10245, 2451, 2288, 
659, 6590, 10345, 3451, 1177, 
661, 6610, 10545, 5451, 10066, 
662, 6620, 10645, 6451, 8955, 
663, 6630, 10745, 7451, 7844, 
664, 6640, 10845, 8451, 6733, 
665, 6650, 10945, 9451, 5622, 
666, 6660, 11045, 10451, 4511, 
674, 6740, 734, 7340, 6734, 
675, 6750, 834, 8340, 5623, 
676, 6760, 934, 9340, 4512, 
677, 6770, 1034, 10340, 3401, 
679, 6790, 1234, 1229, 1179, 
681, 6810, 1434, 3229, 10068, 
682, 6820, 1534, 4229, 8957, 
683, 6830, 1634, 5229, 7846, 
684, 6840, 1734, 6229, 6735, 
685, 6850, 1834, 7229, 5624, 
686, 6860, 1934, 8229, 4513, 
687, 6870, 2034, 9229, 3402, 
688, 6880, 2134, 10229, 2291, 
691, 6910, 2434, 2118, 10069, 
692, 6920, 2534, 3118, 8958, 
693, 6930, 2634, 4118, 7847, 
694, 6940, 2734, 5118, 6736, 
695, 6950, 2834, 6118, 5625, 
696, 6960, 2934, 7118, 4514, 
697, 6970, 3034, 8118, 3403, 
698, 6980, 3134, 9118, 2292, 
699, 6990, 3234, 10118, 1181, 
701, 7010, 3434, 1007, 10070, 
702, 7020, 3534, 2007, 8959, 
703, 7030, 3634, 3007, 7848, 
704, 7040, 3734, 4007, 6737, 
705, 7050, 3834, 5007, 5626, 
706, 7060, 3934, 6007, 4515, 
707, 7070, 4034, 7007, 3404, 
708, 7080, 4134, 8007, 2293, 
709, 7090, 4234, 9007, 1182, 
711, 7110, 4434, 11007, 10071, 
712, 7120, 4534, 896, 8960, 
713, 7130, 4634, 1896, 7849, 
714, 7140, 4734, 2896, 6738, 
715, 7150, 4834, 3896, 5627, 
716, 7160, 4934, 4896, 4516, 
717, 7170, 5034, 5896, 3405, 
718, 7180, 5134, 6896, 2294, 
719, 7190, 5234, 7896, 1183, 
721, 7210, 5434, 9896, 10072, 
722, 7220, 5534, 10896, 8961, 
723, 7230, 5634, 785, 7850, 
724, 7240, 5734, 1785, 6739, 
725, 7250, 5834, 2785, 5628, 
726, 7260, 5934, 3785, 4517, 
727, 7270, 6034, 4785, 3406, 
728, 7280, 6134, 5785, 2295, 
729, 7290, 6234, 6785, 1184, 
731, 7310, 6434, 8785, 10073, 
732, 7320, 6534, 9785, 8962, 
733, 7330, 6634, 10785, 7851, 
735, 7350, 6834, 1674, 5629, 
736, 7360, 6934, 2674, 4518, 
737, 7370, 7034, 3674, 3407, 
738, 7380, 7134, 4674, 2296, 
739, 7390, 7234, 5674, 1185, 
741, 7410, 7434, 7674, 10074, 
742, 7420, 7534, 8674, 8963, 
743, 7430, 7634, 9674, 7852, 
744, 7440, 7734, 10674, 6741, 
746, 7460, 7934, 1563, 4519, 
747, 7470, 8034, 2563, 3408, 
748, 7480, 8134, 3563, 2297, 
749, 7490, 8234, 4563, 1186, 
751, 7510, 8434, 6563, 10075, 
752, 7520, 8534, 7563, 8964, 
753, 7530, 8634, 8563, 7853, 
754, 7540, 8734, 9563, 6742, 
755, 7550, 8834, 10563, 5631, 
757, 7570, 9034, 1452, 3409, 
758, 7580, 9134, 2452, 2298, 
759, 7590, 9234, 3452, 1187, 
761, 7610, 9434, 5452, 10076, 
762, 7620, 9534, 6452, 8965, 
763, 7630, 9634, 7452, 7854, 
764, 7640, 9734, 8452, 6743, 
765, 7650, 9834, 9452, 5632, 
766, 7660, 9934, 10452, 4521, 
768, 7680, 10134, 1341, 2299, 
769, 7690, 10234, 2341, 1188, 
771, 7710, 10434, 4341, 10077, 
772, 7720, 10534, 5341, 8966, 
773, 7730, 10634, 6341, 7855, 
774, 7740, 10734, 7341, 6744, 
775, 7750, 10834, 8341, 5633, 
776, 7760, 10934, 9341, 4522, 
777, 7770, 11034, 10341, 3411, 
786, 7860, 823, 8230, 4523, 
787, 7870, 923, 9230, 3412, 
788, 7880, 1023, 10230, 2301, 
791, 7910, 1323, 2119, 10079, 
792, 7920, 1423, 3119, 8968, 
793, 7930, 1523, 4119, 7857, 
794, 7940, 1623, 5119, 6746, 
795, 7950, 1723, 6119, 5635, 
796, 7960, 1823, 7119, 4524, 
797, 7970, 1923, 8119, 3413, 
798, 7980, 2023, 9119, 2302, 
799, 7990, 2123, 10119, 1191, 
801, 8010, 2323, 1008, 10080, 
802, 8020, 2423, 2008, 8969, 
803, 8030, 2523, 3008, 7858, 
804, 8040, 2623, 4008, 6747, 
805, 8050, 2723, 5008, 5636, 
806, 8060, 2823, 6008, 4525, 
807, 8070, 2923, 7008, 3414, 
808, 8080, 3023, 8008, 2303, 
809, 8090, 3123, 9008, 1192, 
811, 8110, 3323, 11008, 10081, 
812, 8120, 3423, 897, 8970, 
813, 8130, 3523, 1897, 7859, 
814, 8140, 3623, 2897, 6748, 
815, 8150, 3723, 3897, 5637, 
816, 8160, 3823, 4897, 4526, 
817, 8170, 3923, 5897, 3415, 
818, 8180, 4023, 6897, 2304, 
819, 8190, 4123, 7897, 1193, 
821, 8210, 4323, 9897, 10082, 
822, 8220, 4423, 10897, 8971, 
824, 8240, 4623, 1786, 6749, 
825, 8250, 4723, 2786, 5638, 
826, 8260, 4823, 3786, 4527, 
827, 8270, 4923, 4786, 3416, 
828, 8280, 5023, 5786, 2305, 
829, 8290, 5123, 6786, 1194, 
831, 8310, 5323, 8786, 10083, 
832, 8320, 5423, 9786, 8972, 
833, 8330, 5523, 10786, 7861, 
835, 8350, 5723, 1675, 5639, 
836, 8360, 5823, 2675, 4528, 
837, 8370, 5923, 3675, 3417, 
838, 8380, 6023, 4675, 2306, 
839, 8390, 6123, 5675, 1195, 
841, 8410, 6323, 7675, 10084, 
842, 8420, 6423, 8675, 8973, 
843, 8430, 6523, 9675, 7862, 
844, 8440, 6623, 10675, 6751, 
846, 8460, 6823, 1564, 4529, 
847, 8470, 6923, 2564, 3418, 
848, 8480, 7023, 3564, 2307, 
849, 8490, 7123, 4564, 1196, 
851, 8510, 7323, 6564, 10085, 
852, 8520, 7423, 7564, 8974, 
853, 8530, 7523, 8564, 7863, 
854, 8540, 7623, 9564, 6752, 
855, 8550, 7723, 10564, 5641, 
857, 8570, 7923, 1453, 3419, 
858, 8580, 8023, 2453, 2308, 
859, 8590, 8123, 3453, 1197, 
861, 8610, 8323, 5453, 10086, 
862, 8620, 8423, 6453, 8975, 
863, 8630, 8523, 7453, 7864, 
864, 8640, 8623, 8453, 6753, 
865, 8650, 8723, 9453, 5642, 
866, 8660, 8823, 10453, 4531, 
868, 8680, 9023, 1342, 2309, 
869, 8690, 9123, 2342, 1198, 
871, 8710, 9323, 4342, 10087, 
872, 8720, 9423, 5342, 8976, 
873, 8730, 9523, 6342, 7865, 
874, 8740, 9623, 7342, 6754, 
875, 8750, 9723, 8342, 5643, 
876, 8760, 9823, 9342, 4532, 
877, 8770, 9923, 10342, 3421, 
879, 8790, 10123, 1231, 1199, 
881, 8810, 10323, 3231, 10088, 
882, 8820, 10423, 4231, 8977, 
883, 8830, 10523, 5231, 7866, 
884, 8840, 10623, 6231, 6755, 
885, 8850, 10723, 7231, 5644, 
886, 8860, 10823, 8231, 4533, 
887, 8870, 10923, 9231, 3422, 
888, 8880, 11023, 10231, 2311, 
898, 8980, 912, 9120, 2312, 
899, 8990, 1012, 10120, 1201, 
901, 9010, 1212, 1009, 10090, 
902, 9020, 1312, 2009, 8979, 
903, 9030, 1412, 3009, 7868, 
904, 9040, 1512, 4009, 6757, 
905, 9050, 1612, 5009, 5646, 
906, 9060, 1712, 6009, 4535, 
907, 9070, 1812, 7009, 3424, 
908, 9080, 1912, 8009, 2313, 
909, 9090, 2012, 9009, 1202, 
911, 9110, 2212, 11009, 10091, 
913, 9130, 2412, 1898, 7869, 
914, 9140, 2512, 2898, 6758, 
915, 9150, 2612, 3898, 5647, 
916, 9160, 2712, 4898, 4536, 
917, 9170, 2812, 5898, 3425, 
918, 9180, 2912, 6898, 2314, 
919, 9190, 3012, 7898, 1203, 
921, 9210, 3212, 9898, 10092, 
922, 9220, 3312, 10898, 8981, 
924, 9240, 3512, 1787, 6759, 
925, 9250, 3612, 2787, 5648, 
926, 9260, 3712, 3787, 4537, 
927, 9270, 3812, 4787, 3426, 
928, 9280, 3912, 5787, 2315, 
929, 9290, 4012, 6787, 1204, 
931, 9310, 4212, 8787, 10093, 
932, 9320, 4312, 9787, 8982, 
933, 9330, 4412, 10787, 7871, 
935, 9350, 4612, 1676, 5649, 
936, 9360, 4712, 2676, 4538, 
937, 9370, 4812, 3676, 3427, 
938, 9380, 4912, 4676, 2316, 
939, 9390, 5012, 5676, 1205, 
941, 9410, 5212, 7676, 10094, 
942, 9420, 5312, 8676, 8983, 
943, 9430, 5412, 9676, 7872, 
944, 9440, 5512, 10676, 6761, 
946, 9460, 5712, 1565, 4539, 
947, 9470, 5812, 2565, 3428, 
948, 9480, 5912, 3565, 2317, 
949, 9490, 6012, 4565, 1206, 
951, 9510, 6212, 6565, 10095, 
952, 9520, 6312, 7565, 8984, 
953, 9530, 6412, 8565, 7873, 
954, 9540, 6512, 9565, 6762, 
955, 9550, 6612, 10565, 5651, 
957, 9570, 6812, 1454, 3429, 
958, 9580, 6912, 2454, 2318, 
959, 9590, 7012, 3454, 1207, 
961, 9610, 7212, 5454, 10096, 
962, 9620, 7312, 6454, 8985, 
963, 9630, 7412, 7454, 7874, 
964, 9640, 7512, 8454, 6763, 
965, 9650, 7612, 9454, 5652, 
966, 9660, 7712, 10454, 4541, 
968, 9680, 7912, 1343, 2319, 
969, 9690, 8012, 2343, 1208, 
971, 9710, 8212, 4343, 10097, 
972, 9720, 8312, 5343, 8986, 
973, 9730, 8412, 6343, 7875, 
974, 9740, 8512, 7343, 6764, 
975, 9750, 8612, 8343, 5653, 
976, 9760, 8712, 9343, 4542, 
977, 9770, 8812, 10343, 3431, 
979, 9790, 9012, 1232, 1209, 
981, 9810, 9212, 3232, 10098, 
982, 9820, 9312, 4232, 8987, 
983, 9830, 9412, 5232, 7876, 
984, 9840, 9512, 6232, 6765, 
985, 9850, 9612, 7232, 5654, 
986, 9860, 9712, 8232, 4543, 
987, 9870, 9812, 9232, 3432, 
988, 9880, 9912, 10232, 2321, 
991, 9910, 10212, 2121, 10099, 
992, 9920, 10312, 3121, 8988, 
993, 9930, 10412, 4121, 7877, 
994, 9940, 10512, 5121, 6766, 
995, 9950, 10612, 6121, 5655, 
996, 9960, 10712, 7121, 4544, 
997, 9970, 10812, 8121, 3433, 
998, 9980, 10912, 9121, 2322, 
999, 9990, 11012, 10121, 1211, 
1011, 10110, 1101, 11010, 10101, 
1013, 10130, 1301, 1899, 7879, 
1014, 10140, 1401, 2899, 6768, 
1015, 10150, 1501, 3899, 5657, 
1016, 10160, 1601, 4899, 4546, 
1017, 10170, 1701, 5899, 3435, 
1018, 10180, 1801, 6899, 2324, 
1019, 10190, 1901, 7899, 1213, 
1021, 10210, 2101, 9899, 10102, 
1022, 10220, 2201, 10899, 8991, 
1024, 10240, 2401, 1788, 6769, 
1025, 10250, 2501, 2788, 5658, 
1026, 10260, 2601, 3788, 4547, 
1027, 10270, 2701, 4788, 3436, 
1028, 10280, 2801, 5788, 2325, 
1029, 10290, 2901, 6788, 1214, 
1031, 10310, 3101, 8788, 10103, 
1032, 10320, 3201, 9788, 8992, 
1033, 10330, 3301, 10788, 7881, 
1035, 10350, 3501, 1677, 5659, 
1036, 10360, 3601, 2677, 4548, 
1037, 10370, 3701, 3677, 3437, 
1038, 10380, 3801, 4677, 2326, 
1039, 10390, 3901, 5677, 1215, 
1041, 10410, 4101, 7677, 10104, 
1042, 10420, 4201, 8677, 8993, 
1043, 10430, 4301, 9677, 7882, 
1044, 10440, 4401, 10677, 6771, 
1046, 10460, 4601, 1566, 4549, 
1047, 10470, 4701, 2566, 3438, 
1048, 10480, 4801, 3566, 2327, 
1049, 10490, 4901, 4566, 1216, 
1051, 10510, 5101, 6566, 10105, 
1052, 10520, 5201, 7566, 8994, 
1053, 10530, 5301, 8566, 7883, 
1054, 10540, 5401, 9566, 6772, 
1055, 10550, 5501, 10566, 5661, 
1057, 10570, 5701, 1455, 3439, 
1058, 10580, 5801, 2455, 2328, 
1059, 10590, 5901, 3455, 1217, 
1061, 10610, 6101, 5455, 10106, 
1062, 10620, 6201, 6455, 8995, 
1063, 10630, 6301, 7455, 7884, 
1064, 10640, 6401, 8455, 6773, 
1065, 10650, 6501, 9455, 5662, 
1066, 10660, 6601, 10455, 4551, 
1068, 10680, 6801, 1344, 2329, 
1069, 10690, 6901, 2344, 1218, 
1071, 10710, 7101, 4344, 10107, 
1072, 10720, 7201, 5344, 8996, 
1073, 10730, 7301, 6344, 7885, 
1074, 10740, 7401, 7344, 6774, 
1075, 10750, 7501, 8344, 5663, 
1076, 10760, 7601, 9344, 4552, 
1077, 10770, 7701, 10344, 3441, 
1079, 10790, 7901, 1233, 1219, 
1081, 10810, 8101, 3233, 10108, 
1082, 10820, 8201, 4233, 8997, 
1083, 10830, 8301, 5233, 7886, 
1084, 10840, 8401, 6233, 6775, 
1085, 10850, 8501, 7233, 5664, 
1086, 10860, 8601, 8233, 4553, 
1087, 10870, 8701, 9233, 3442, 
1088, 10880, 8801, 10233, 2331, 
1091, 10910, 9101, 2122, 10109, 
1092, 10920, 9201, 3122, 8998, 
1093, 10930, 9301, 4122, 7887, 
1094, 10940, 9401, 5122, 6776, 
1095, 10950, 9501, 6122, 5665, 
1096, 10960, 9601, 7122, 4554, 
1097, 10970, 9701, 8122, 3443, 
1098, 10980, 9801, 9122, 2332, 
1099, 10990, 9901, 10122, 1221, 
1102, 11020, 10201, 2011, 8999, 
1103, 11030, 10301, 3011, 7888, 
1104, 11040, 10401, 4011, 6777, 
1105, 11050, 10501, 5011, 5666, 
1106, 11060, 10601, 6011, 4555, 
1107, 11070, 10701, 7011, 3444, 
1108, 11080, 10801, 8011, 2333, 
1109, 11090, 10901, 9011, 1222, 
1111, 11110, 11101, 11011, 10111, 
1235, 1239, 1279, 1679, 5679, 
1236, 1249, 1379, 2679, 4568, 
1237, 1259, 1479, 3679, 3457, 
1238, 1269, 1579, 4679, 2346, 
1241, 1299, 1879, 7679, 10124, 
1242, 1309, 1979, 8679, 9013, 
1243, 1319, 2079, 9679, 7902, 
1244, 1329, 2179, 10679, 6791, 
1246, 1349, 2379, 1568, 4569, 
1247, 1359, 2479, 2568, 3458, 
1248, 1369, 2579, 3568, 2347, 
1251, 1399, 2879, 6568, 10125, 
1252, 1409, 2979, 7568, 9014, 
1253, 1419, 3079, 8568, 7903, 
1254, 1429, 3179, 9568, 6792, 
1255, 1439, 3279, 10568, 5681, 
1257, 1459, 3479, 1457, 3459, 
1258, 1469, 3579, 2457, 2348, 
1261, 1499, 3879, 5457, 10126, 
1262, 1509, 3979, 6457, 9015, 
1263, 1519, 4079, 7457, 7904, 
1264, 1529, 4179, 8457, 6793, 
1265, 1539, 4279, 9457, 5682, 
1266, 1549, 4379, 10457, 4571, 
1268, 1569, 4579, 1346, 2349, 
1271, 1599, 4879, 4346, 10127, 
1272, 1609, 4979, 5346, 9016, 
1273, 1619, 5079, 6346, 7905, 
1274, 1629, 5179, 7346, 6794, 
1275, 1639, 5279, 8346, 5683, 
1276, 1649, 5379, 9346, 4572, 
1277, 1659, 5479, 10346, 3461, 
1281, 1699, 5879, 3235, 10128, 
1282, 1709, 5979, 4235, 9017, 
1283, 1719, 6079, 5235, 7906, 
1284, 1729, 6179, 6235, 6795, 
1285, 1739, 6279, 7235, 5684, 
1286, 1749, 6379, 8235, 4573, 
1287, 1759, 6479, 9235, 3462, 
1288, 1769, 6579, 10235, 2351, 
1291, 1799, 6879, 2124, 10129, 
1292, 1809, 6979, 3124, 9018, 
1293, 1819, 7079, 4124, 7907, 
1294, 1829, 7179, 5124, 6796, 
1295, 1839, 7279, 6124, 5685, 
1296, 1849, 7379, 7124, 4574, 
1297, 1859, 7479, 8124, 3463, 
1298, 1869, 7579, 9124, 2352, 
1302, 1909, 7979, 2013, 9019, 
1303, 1919, 8079, 3013, 7908, 
1304, 1929, 8179, 4013, 6797, 
1305, 1939, 8279, 5013, 5686, 
1306, 1949, 8379, 6013, 4575, 
1307, 1959, 8479, 7013, 3464, 
1308, 1969, 8579, 8013, 2353, 
1311, 1999, 8879, 11013, 10131, 
1313, 2019, 9079, 1902, 7909, 
1314, 2029, 9179, 2902, 6798, 
1315, 2039, 9279, 3902, 5687, 
1316, 2049, 9379, 4902, 4576, 
1317, 2059, 9479, 5902, 3465, 
1318, 2069, 9579, 6902, 2354, 
1321, 2099, 9879, 9902, 10132, 
1322, 2109, 9979, 10902, 9021, 
1324, 2129, 10179, 1791, 6799, 
1325, 2139, 10279, 2791, 5688, 
1326, 2149, 10379, 3791, 4577, 
1327, 2159, 10479, 4791, 3466, 
1328, 2169, 10579, 5791, 2355, 
1331, 2199, 10879, 8791, 10133, 
1332, 2209, 10979, 9791, 9022, 
1333, 2219, 11079, 10791, 7911, 
1347, 2359, 1368, 2569, 3468, 
1348, 2369, 1468, 3569, 2357, 
1351, 2399, 1768, 6569, 10135, 
1352, 2409, 1868, 7569, 9024, 
1353, 2419, 1968, 8569, 7913, 
1354, 2429, 2068, 9569, 6802, 
1355, 2439, 2168, 10569, 5691, 
1357, 2459, 2368, 1458, 3469, 
1358, 2469, 2468, 2458, 2358, 
1361, 2499, 2768, 5458, 10136, 
1362, 2509, 2868, 6458, 9025, 
1363, 2519, 2968, 7458, 7914, 
1364, 2529, 3068, 8458, 6803, 
1365, 2539, 3168, 9458, 5692, 
1366, 2549, 3268, 10458, 4581, 
1371, 2599, 3768, 4347, 10137, 
1372, 2609, 3868, 5347, 9026, 
1373, 2619, 3968, 6347, 7915, 
1374, 2629, 4068, 7347, 6804, 
1375, 2639, 4168, 8347, 5693, 
1376, 2649, 4268, 9347, 4582, 
1377, 2659, 4368, 10347, 3471, 
1381, 2699, 4768, 3236, 10138, 
1382, 2709, 4868, 4236, 9027, 
1383, 2719, 4968, 5236, 7916, 
1384, 2729, 5068, 6236, 6805, 
1385, 2739, 5168, 7236, 5694, 
1386, 2749, 5268, 8236, 4583, 
1387, 2759, 5368, 9236, 3472, 
1388, 2769, 5468, 10236, 2361, 
1391, 2799, 5768, 2125, 10139, 
1392, 2809, 5868, 3125, 9028, 
1393, 2819, 5968, 4125, 7917, 
1394, 2829, 6068, 5125, 6806, 
1395, 2839, 6168, 6125, 5695, 
1396, 2849, 6268, 7125, 4584, 
1397, 2859, 6368, 8125, 3473, 
1398, 2869, 6468, 9125, 2362, 
1402, 2909, 6868, 2014, 9029, 
1403, 2919, 6968, 3014, 7918, 
1404, 2929, 7068, 4014, 6807, 
1405, 2939, 7168, 5014, 5696, 
1406, 2949, 7268, 6014, 4585, 
1407, 2959, 7368, 7014, 3474, 
1408, 2969, 7468, 8014, 2363, 
1411, 2999, 7768, 11014, 10141, 
1413, 3019, 7968, 1903, 7919, 
1414, 3029, 8068, 2903, 6808, 
1415, 3039, 8168, 3903, 5697, 
1416, 3049, 8268, 4903, 4586, 
1417, 3059, 8368, 5903, 3475, 
1418, 3069, 8468, 6903, 2364, 
1421, 3099, 8768, 9903, 10142, 
1422, 3109, 8868, 10903, 9031, 
1424, 3129, 9068, 1792, 6809, 
1425, 3139, 9168, 2792, 5698, 
1426, 3149, 9268, 3792, 4587, 
1427, 3159, 9368, 4792, 3476, 
1428, 3169, 9468, 5792, 2365, 
1431, 3199, 9768, 8792, 10143, 
1432, 3209, 9868, 9792, 9032, 
1433, 3219, 9968, 10792, 7921, 
1435, 3239, 10168, 1681, 5699, 
1436, 3249, 10268, 2681, 4588, 
1437, 3259, 10368, 3681, 3477, 
1438, 3269, 10468, 4681, 2366, 
1441, 3299, 10768, 7681, 10144, 
1442, 3309, 10868, 8681, 9033, 
1443, 3319, 10968, 9681, 7922, 
1444, 3329, 11068, 10681, 6811, 
1461, 3499, 1657, 5459, 10146, 
1462, 3509, 1757, 6459, 9035, 
1463, 3519, 1857, 7459, 7924, 
1464, 3529, 1957, 8459, 6813, 
1465, 3539, 2057, 9459, 5702, 
1466, 3549, 2157, 10459, 4591, 
1471, 3599, 2657, 4348, 10147, 
1472, 3609, 2757, 5348, 9036, 
1473, 3619, 2857, 6348, 7925, 
1474, 3629, 2957, 7348, 6814, 
1475, 3639, 3057, 8348, 5703, 
1476, 3649, 3157, 9348, 4592, 
1477, 3659, 3257, 10348, 3481, 
1481, 3699, 3657, 3237, 10148, 
1482, 3709, 3757, 4237, 9037, 
1483, 3719, 3857, 5237, 7926, 
1484, 3729, 3957, 6237, 6815, 
1485, 3739, 4057, 7237, 5704, 
1486, 3749, 4157, 8237, 4593, 
1487, 3759, 4257, 9237, 3482, 
1488, 3769, 4357, 10237, 2371, 
1491, 3799, 4657, 2126, 10149, 
1492, 3809, 4757, 3126, 9038, 
1493, 3819, 4857, 4126, 7927, 
1494, 3829, 4957, 5126, 6816, 
1495, 3839, 5057, 6126, 5705, 
1496, 3849, 5157, 7126, 4594, 
1497, 3859, 5257, 8126, 3483, 
1498, 3869, 5357, 9126, 2372, 
1502, 3909, 5757, 2015, 9039, 
1503, 3919, 5857, 3015, 7928, 
1504, 3929, 5957, 4015, 6817, 
1505, 3939, 6057, 5015, 5706, 
1506, 3949, 6157, 6015, 4595, 
1507, 3959, 6257, 7015, 3484, 
1508, 3969, 6357, 8015, 2373, 
1511, 3999, 6657, 11015, 10151, 
1513, 4019, 6857, 1904, 7929, 
1514, 4029, 6957, 2904, 6818, 
1515, 4039, 7057, 3904, 5707, 
1516, 4049, 7157, 4904, 4596, 
1517, 4059, 7257, 5904, 3485, 
1518, 4069, 7357, 6904, 2374, 
1521, 4099, 7657, 9904, 10152, 
1522, 4109, 7757, 10904, 9041, 
1524, 4129, 7957, 1793, 6819, 
1525, 4139, 8057, 2793, 5708, 
1526, 4149, 8157, 3793, 4597, 
1527, 4159, 8257, 4793, 3486, 
1528, 4169, 8357, 5793, 2375, 
1531, 4199, 8657, 8793, 10153, 
1532, 4209, 8757, 9793, 9042, 
1533, 4219, 8857, 10793, 7931, 
1535, 4239, 9057, 1682, 5709, 
1536, 4249, 9157, 2682, 4598, 
1537, 4259, 9257, 3682, 3487, 
1538, 4269, 9357, 4682, 2376, 
1541, 4299, 9657, 7682, 10154, 
1542, 4309, 9757, 8682, 9043, 
1543, 4319, 9857, 9682, 7932, 
1544, 4329, 9957, 10682, 6821, 
1546, 4349, 10157, 1571, 4599, 
1547, 4359, 10257, 2571, 3488, 
1548, 4369, 10357, 3571, 2377, 
1551, 4399, 10657, 6571, 10155, 
1552, 4409, 10757, 7571, 9044, 
1553, 4419, 10857, 8571, 7933, 
1554, 4429, 10957, 9571, 6822, 
1555, 4439, 11057, 10571, 5711, 
1572, 4609, 1646, 5349, 9046, 
1573, 4619, 1746, 6349, 7935, 
1574, 4629, 1846, 7349, 6824, 
1575, 4639, 1946, 8349, 5713, 
1576, 4649, 2046, 9349, 4602, 
1577, 4659, 2146, 10349, 3491, 
1581, 4699, 2546, 3238, 10158, 
1582, 4709, 2646, 4238, 9047, 
1583, 4719, 2746, 5238, 7936, 
1584, 4729, 2846, 6238, 6825, 
1585, 4739, 2946, 7238, 5714, 
1586, 4749, 3046, 8238, 4603, 
1587, 4759, 3146, 9238, 3492, 
1588, 4769, 3246, 10238, 2381, 
1591, 4799, 3546, 2127, 10159, 
1592, 4809, 3646, 3127, 9048, 
1593, 4819, 3746, 4127, 7937, 
1594, 4829, 3846, 5127, 6826, 
1595, 4839, 3946, 6127, 5715, 
1596, 4849, 4046, 7127, 4604, 
1597, 4859, 4146, 8127, 3493, 
1598, 4869, 4246, 9127, 2382, 
1602, 4909, 4646, 2016, 9049, 
1603, 4919, 4746, 3016, 7938, 
1604, 4929, 4846, 4016, 6827, 
1605, 4939, 4946, 5016, 5716, 
1606, 4949, 5046, 6016, 4605, 
1607, 4959, 5146, 7016, 3494, 
1608, 4969, 5246, 8016, 2383, 
1611, 4999, 5546, 11016, 10161, 
1613, 5019, 5746, 1905, 7939, 
1614, 5029, 5846, 2905, 6828, 
1615, 5039, 5946, 3905, 5717, 
1616, 5049, 6046, 4905, 4606, 
1617, 5059, 6146, 5905, 3495, 
1618, 5069, 6246, 6905, 2384, 
1621, 5099, 6546, 9905, 10162, 
1622, 5109, 6646, 10905, 9051, 
1624, 5129, 6846, 1794, 6829, 
1625, 5139, 6946, 2794, 5718, 
1626, 5149, 7046, 3794, 4607, 
1627, 5159, 7146, 4794, 3496, 
1628, 5169, 7246, 5794, 2385, 
1631, 5199, 7546, 8794, 10163, 
1632, 5209, 7646, 9794, 9052, 
1633, 5219, 7746, 10794, 7941, 
1635, 5239, 7946, 1683, 5719, 
1636, 5249, 8046, 2683, 4608, 
1637, 5259, 8146, 3683, 3497, 
1638, 5269, 8246, 4683, 2386, 
1641, 5299, 8546, 7683, 10164, 
1642, 5309, 8646, 8683, 9053, 
1643, 5319, 8746, 9683, 7942, 
1644, 5329, 8846, 10683, 6831, 
1647, 5359, 9146, 2572, 3498, 
1648, 5369, 9246, 3572, 2387, 
1651, 5399, 9546, 6572, 10165, 
1652, 5409, 9646, 7572, 9054, 
1653, 5419, 9746, 8572, 7943, 
1654, 5429, 9846, 9572, 6832, 
1655, 5439, 9946, 10572, 5721, 
1658, 5469, 10246, 2461, 2388, 
1661, 5499, 10546, 5461, 10166, 
1662, 5509, 10646, 6461, 9055, 
1663, 5519, 10746, 7461, 7944, 
1664, 5529, 10846, 8461, 6833, 
1665, 5539, 10946, 9461, 5722, 
1666, 5549, 11046, 10461, 4611, 
1684, 5729, 1735, 6239, 6835, 
1685, 5739, 1835, 7239, 5724, 
1686, 5749, 1935, 8239, 4613, 
1687, 5759, 2035, 9239, 3502, 
1688, 5769, 2135, 10239, 2391, 
1691, 5799, 2435, 2128, 10169, 
1692, 5809, 2535, 3128, 9058, 
1693, 5819, 2635, 4128, 7947, 
1694, 5829, 2735, 5128, 6836, 
1695, 5839, 2835, 6128, 5725, 
1696, 5849, 2935, 7128, 4614, 
1697, 5859, 3035, 8128, 3503, 
1698, 5869, 3135, 9128, 2392, 
1702, 5909, 3535, 2017, 9059, 
1703, 5919, 3635, 3017, 7948, 
1704, 5929, 3735, 4017, 6837, 
1705, 5939, 3835, 5017, 5726, 
1706, 5949, 3935, 6017, 4615, 
1707, 5959, 4035, 7017, 3504, 
1708, 5969, 4135, 8017, 2393, 
1711, 5999, 4435, 11017, 10171, 
1713, 6019, 4635, 1906, 7949, 
1714, 6029, 4735, 2906, 6838, 
1715, 6039, 4835, 3906, 5727, 
1716, 6049, 4935, 4906, 4616, 
1717, 6059, 5035, 5906, 3505, 
1718, 6069, 5135, 6906, 2394, 
1721, 6099, 5435, 9906, 10172, 
1722, 6109, 5535, 10906, 9061, 
1724, 6129, 5735, 1795, 6839, 
1725, 6139, 5835, 2795, 5728, 
1726, 6149, 5935, 3795, 4617, 
1727, 6159, 6035, 4795, 3506, 
1728, 6169, 6135, 5795, 2395, 
1731, 6199, 6435, 8795, 10173, 
1732, 6209, 6535, 9795, 9062, 
1733, 6219, 6635, 10795, 7951, 
1736, 6249, 6935, 2684, 4618, 
1737, 6259, 7035, 3684, 3507, 
1738, 6269, 7135, 4684, 2396, 
1741, 6299, 7435, 7684, 10174, 
1742, 6309, 7535, 8684, 9063, 
1743, 6319, 7635, 9684, 7952, 
1744, 6329, 7735, 10684, 6841, 
1747, 6359, 8035, 2573, 3508, 
1748, 6369, 8135, 3573, 2397, 
1751, 6399, 8435, 6573, 10175, 
1752, 6409, 8535, 7573, 9064, 
1753, 6419, 8635, 8573, 7953, 
1754, 6429, 8735, 9573, 6842, 
1755, 6439, 8835, 10573, 5731, 
1758, 6469, 9135, 2462, 2398, 
1761, 6499, 9435, 5462, 10176, 
1762, 6509, 9535, 6462, 9065, 
1763, 6519, 9635, 7462, 7954, 
1764, 6529, 9735, 8462, 6843, 
1765, 6539, 9835, 9462, 5732, 
1766, 6549, 9935, 10462, 4621, 
1771, 6599, 10435, 4351, 10177, 
1772, 6609, 10535, 5351, 9066, 
1773, 6619, 10635, 6351, 7955, 
1774, 6629, 10735, 7351, 6844, 
1775, 6639, 10835, 8351, 5733, 
1776, 6649, 10935, 9351, 4622, 
1777, 6659, 11035, 10351, 3511, 
1796, 6849, 1824, 7129, 4624, 
1797, 6859, 1924, 8129, 3513, 
1798, 6869, 2024, 9129, 2402, 
1802, 6909, 2424, 2018, 9069, 
1803, 6919, 2524, 3018, 7958, 
1804, 6929, 2624, 4018, 6847, 
1805, 6939, 2724, 5018, 5736, 
1806, 6949, 2824, 6018, 4625, 
1807, 6959, 2924, 7018, 3514, 
1808, 6969, 3024, 8018, 2403, 
1811, 6999, 3324, 11018, 10181, 
1813, 7019, 3524, 1907, 7959, 
1814, 7029, 3624, 2907, 6848, 
1815, 7039, 3724, 3907, 5737, 
1816, 7049, 3824, 4907, 4626, 
1817, 7059, 3924, 5907, 3515, 
1818, 7069, 4024, 6907, 2404, 
1821, 7099, 4324, 9907, 10182, 
1822, 7109, 4424, 10907, 9071, 
1825, 7139, 4724, 2796, 5738, 
1826, 7149, 4824, 3796, 4627, 
1827, 7159, 4924, 4796, 3516, 
1828, 7169, 5024, 5796, 2405, 
1831, 7199, 5324, 8796, 10183, 
1832, 7209, 5424, 9796, 9072, 
1833, 7219, 5524, 10796, 7961, 
1836, 7249, 5824, 2685, 4628, 
1837, 7259, 5924, 3685, 3517, 
1838, 7269, 6024, 4685, 2406, 
1841, 7299, 6324, 7685, 10184, 
1842, 7309, 6424, 8685, 9073, 
1843, 7319, 6524, 9685, 7962, 
1844, 7329, 6624, 10685, 6851, 
1847, 7359, 6924, 2574, 3518, 
1848, 7369, 7024, 3574, 2407, 
1851, 7399, 7324, 6574, 10185, 
1852, 7409, 7424, 7574, 9074, 
1853, 7419, 7524, 8574, 7963, 
1854, 7429, 7624, 9574, 6852, 
1855, 7439, 7724, 10574, 5741, 
1858, 7469, 8024, 2463, 2408, 
1861, 7499, 8324, 5463, 10186, 
1862, 7509, 8424, 6463, 9075, 
1863, 7519, 8524, 7463, 7964, 
1864, 7529, 8624, 8463, 6853, 
1865, 7539, 8724, 9463, 5742, 
1866, 7549, 8824, 10463, 4631, 
1871, 7599, 9324, 4352, 10187, 
1872, 7609, 9424, 5352, 9076, 
1873, 7619, 9524, 6352, 7965, 
1874, 7629, 9624, 7352, 6854, 
1875, 7639, 9724, 8352, 5743, 
1876, 7649, 9824, 9352, 4632, 
1877, 7659, 9924, 10352, 3521, 
1881, 7699, 10324, 3241, 10188, 
1882, 7709, 10424, 4241, 9077, 
1883, 7719, 10524, 5241, 7966, 
1884, 7729, 10624, 6241, 6855, 
1885, 7739, 10724, 7241, 5744, 
1886, 7749, 10824, 8241, 4633, 
1887, 7759, 10924, 9241, 3522, 
1888, 7769, 11024, 10241, 2411, 
1908, 7969, 1913, 8019, 2413, 
1911, 7999, 2213, 11019, 10191, 
1914, 8029, 2513, 2908, 6858, 
1915, 8039, 2613, 3908, 5747, 
1916, 8049, 2713, 4908, 4636, 
1917, 8059, 2813, 5908, 3525, 
1918, 8069, 2913, 6908, 2414, 
1921, 8099, 3213, 9908, 10192, 
1922, 8109, 3313, 10908, 9081, 
1925, 8139, 3613, 2797, 5748, 
1926, 8149, 3713, 3797, 4637, 
1927, 8159, 3813, 4797, 3526, 
1928, 8169, 3913, 5797, 2415, 
1931, 8199, 4213, 8797, 10193, 
1932, 8209, 4313, 9797, 9082, 
1933, 8219, 4413, 10797, 7971, 
1936, 8249, 4713, 2686, 4638, 
1937, 8259, 4813, 3686, 3527, 
1938, 8269, 4913, 4686, 2416, 
1941, 8299, 5213, 7686, 10194, 
1942, 8309, 5313, 8686, 9083, 
1943, 8319, 5413, 9686, 7972, 
1944, 8329, 5513, 10686, 6861, 
1947, 8359, 5813, 2575, 3528, 
1948, 8369, 5913, 3575, 2417, 
1951, 8399, 6213, 6575, 10195, 
1952, 8409, 6313, 7575, 9084, 
1953, 8419, 6413, 8575, 7973, 
1954, 8429, 6513, 9575, 6862, 
1955, 8439, 6613, 10575, 5751, 
1958, 8469, 6913, 2464, 2418, 
1961, 8499, 7213, 5464, 10196, 
1962, 8509, 7313, 6464, 9085, 
1963, 8519, 7413, 7464, 7974, 
1964, 8529, 7513, 8464, 6863, 
1965, 8539, 7613, 9464, 5752, 
1966, 8549, 7713, 10464, 4641, 
1971, 8599, 8213, 4353, 10197, 
1972, 8609, 8313, 5353, 9086, 
1973, 8619, 8413, 6353, 7975, 
1974, 8629, 8513, 7353, 6864, 
1975, 8639, 8613, 8353, 5753, 
1976, 8649, 8713, 9353, 4642, 
1977, 8659, 8813, 10353, 3531, 
1981, 8699, 9213, 3242, 10198, 
1982, 8709, 9313, 4242, 9087, 
1983, 8719, 9413, 5242, 7976, 
1984, 8729, 9513, 6242, 6865, 
1985, 8739, 9613, 7242, 5754, 
1986, 8749, 9713, 8242, 4643, 
1987, 8759, 9813, 9242, 3532, 
1988, 8769, 9913, 10242, 2421, 
1991, 8799, 10213, 2131, 10199, 
1992, 8809, 10313, 3131, 9088, 
1993, 8819, 10413, 4131, 7977, 
1994, 8829, 10513, 5131, 6866, 
1995, 8839, 10613, 6131, 5755, 
1996, 8849, 10713, 7131, 4644, 
1997, 8859, 10813, 8131, 3533, 
1998, 8869, 10913, 9131, 2422, 
2021, 9099, 2102, 9909, 10202, 
2022, 9109, 2202, 10909, 9091, 
2025, 9139, 2502, 2798, 5758, 
2026, 9149, 2602, 3798, 4647, 
2027, 9159, 2702, 4798, 3536, 
2028, 9169, 2802, 5798, 2425, 
2031, 9199, 3102, 8798, 10203, 
2032, 9209, 3202, 9798, 9092, 
2033, 9219, 3302, 10798, 7981, 
2036, 9249, 3602, 2687, 4648, 
2037, 9259, 3702, 3687, 3537, 
2038, 9269, 3802, 4687, 2426, 
2041, 9299, 4102, 7687, 10204, 
2042, 9309, 4202, 8687, 9093, 
2043, 9319, 4302, 9687, 7982, 
2044, 9329, 4402, 10687, 6871, 
2047, 9359, 4702, 2576, 3538, 
2048, 9369, 4802, 3576, 2427, 
2051, 9399, 5102, 6576, 10205, 
2052, 9409, 5202, 7576, 9094, 
2053, 9419, 5302, 8576, 7983, 
2054, 9429, 5402, 9576, 6872, 
2055, 9439, 5502, 10576, 5761, 
2058, 9469, 5802, 2465, 2428, 
2061, 9499, 6102, 5465, 10206, 
2062, 9509, 6202, 6465, 9095, 
2063, 9519, 6302, 7465, 7984, 
2064, 9529, 6402, 8465, 6873, 
2065, 9539, 6502, 9465, 5762, 
2066, 9549, 6602, 10465, 4651, 
2071, 9599, 7102, 4354, 10207, 
2072, 9609, 7202, 5354, 9096, 
2073, 9619, 7302, 6354, 7985, 
2074, 9629, 7402, 7354, 6874, 
2075, 9639, 7502, 8354, 5763, 
2076, 9649, 7602, 9354, 4652, 
2077, 9659, 7702, 10354, 3541, 
2081, 9699, 8102, 3243, 10208, 
2082, 9709, 8202, 4243, 9097, 
2083, 9719, 8302, 5243, 7986, 
2084, 9729, 8402, 6243, 6875, 
2085, 9739, 8502, 7243, 5764, 
2086, 9749, 8602, 8243, 4653, 
2087, 9759, 8702, 9243, 3542, 
2088, 9769, 8802, 10243, 2431, 
2091, 9799, 9102, 2132, 10209, 
2092, 9809, 9202, 3132, 9098, 
2093, 9819, 9302, 4132, 7987, 
2094, 9829, 9402, 5132, 6876, 
2095, 9839, 9502, 6132, 5765, 
2096, 9849, 9602, 7132, 4654, 
2097, 9859, 9702, 8132, 3543, 
2098, 9869, 9802, 9132, 2432, 
2103, 9919, 10302, 3021, 7988, 
2104, 9929, 10402, 4021, 6877, 
2105, 9939, 10502, 5021, 5766, 
2106, 9949, 10602, 6021, 4655, 
2107, 9959, 10702, 7021, 3544, 
2108, 9969, 10802, 8021, 2433, 
2111, 9999, 11102, 11021, 10211, 
2133, 10219, 2191, 10799, 7991, 
2136, 10249, 2491, 2688, 4658, 
2137, 10259, 2591, 3688, 3547, 
2138, 10269, 2691, 4688, 2436, 
2141, 10299, 2991, 7688, 10214, 
2142, 10309, 3091, 8688, 9103, 
2143, 10319, 3191, 9688, 7992, 
2144, 10329, 3291, 10688, 6881, 
2147, 10359, 3591, 2577, 3548, 
2148, 10369, 3691, 3577, 2437, 
2151, 10399, 3991, 6577, 10215, 
2152, 10409, 4091, 7577, 9104, 
2153, 10419, 4191, 8577, 7993, 
2154, 10429, 4291, 9577, 6882, 
2155, 10439, 4391, 10577, 5771, 
2158, 10469, 4691, 2466, 2438, 
2161, 10499, 4991, 5466, 10216, 
2162, 10509, 5091, 6466, 9105, 
2163, 10519, 5191, 7466, 7994, 
2164, 10529, 5291, 8466, 6883, 
2165, 10539, 5391, 9466, 5772, 
2166, 10549, 5491, 10466, 4661, 
2171, 10599, 5991, 4355, 10217, 
2172, 10609, 6091, 5355, 9106, 
2173, 10619, 6191, 6355, 7995, 
2174, 10629, 6291, 7355, 6884, 
2175, 10639, 6391, 8355, 5773, 
2176, 10649, 6491, 9355, 4662, 
2177, 10659, 6591, 10355, 3551, 
2181, 10699, 6991, 3244, 10218, 
2182, 10709, 7091, 4244, 9107, 
2183, 10719, 7191, 5244, 7996, 
2184, 10729, 7291, 6244, 6885, 
2185, 10739, 7391, 7244, 5774, 
2186, 10749, 7491, 8244, 4663, 
2187, 10759, 7591, 9244, 3552, 
2188, 10769, 7691, 10244, 2441, 
2192, 10809, 8091, 3133, 9108, 
2193, 10819, 8191, 4133, 7997, 
2194, 10829, 8291, 5133, 6886, 
2195, 10839, 8391, 6133, 5775, 
2196, 10849, 8491, 7133, 4664, 
2197, 10859, 8591, 8133, 3553, 
2198, 10869, 8691, 9133, 2442, 
2203, 10919, 9191, 3022, 7998, 
2204, 10929, 9291, 4022, 6887, 
2205, 10939, 9391, 5022, 5776, 
2206, 10949, 9491, 6022, 4665, 
2207, 10959, 9591, 7022, 3554, 
2208, 10969, 9691, 8022, 2443, 
2211, 10999, 9991, 11022, 10221, 
2214, 11029, 10291, 2911, 6888, 
2215, 11039, 10391, 3911, 5777, 
2216, 11049, 10491, 4911, 4666, 
2217, 11059, 10591, 5911, 3555, 
2218, 11069, 10691, 6911, 2444, 
2221, 11099, 10991, 9911, 10222, 
2222, 11109, 11091, 10911, 9111, 
2471, 2488, 2658, 4358, 10247, 
2472, 2498, 2758, 5358, 9136, 
2473, 2508, 2858, 6358, 8025, 
2474, 2518, 2958, 7358, 6914, 
2475, 2528, 3058, 8358, 5803, 
2476, 2538, 3158, 9358, 4692, 
2477, 2548, 3258, 10358, 3581, 
2481, 2588, 3658, 3247, 10248, 
2482, 2598, 3758, 4247, 9137, 
2483, 2608, 3858, 5247, 8026, 
2484, 2618, 3958, 6247, 6915, 
2485, 2628, 4058, 7247, 5804, 
2486, 2638, 4158, 8247, 4693, 
2487, 2648, 4258, 9247, 3582, 
2492, 2698, 4758, 3136, 9138, 
2493, 2708, 4858, 4136, 8027, 
2494, 2718, 4958, 5136, 6916, 
2495, 2728, 5058, 6136, 5805, 
2496, 2738, 5158, 7136, 4694, 
2497, 2748, 5258, 8136, 3583, 
2503, 2808, 5858, 3025, 8028, 
2504, 2818, 5958, 4025, 6917, 
2505, 2828, 6058, 5025, 5806, 
2506, 2838, 6158, 6025, 4695, 
2507, 2848, 6258, 7025, 3584, 
2511, 2888, 6658, 11025, 10251, 
2514, 2918, 6958, 2914, 6918, 
2515, 2928, 7058, 3914, 5807, 
2516, 2938, 7158, 4914, 4696, 
2517, 2948, 7258, 5914, 3585, 
2521, 2988, 7658, 9914, 10252, 
2522, 2998, 7758, 10914, 9141, 
2525, 3028, 8058, 2803, 5808, 
2526, 3038, 8158, 3803, 4697, 
2527, 3048, 8258, 4803, 3586, 
2531, 3088, 8658, 8803, 10253, 
2532, 3098, 8758, 9803, 9142, 
2533, 3108, 8858, 10803, 8031, 
2536, 3138, 9158, 2692, 4698, 
2537, 3148, 9258, 3692, 3587, 
2541, 3188, 9658, 7692, 10254, 
2542, 3198, 9758, 8692, 9143, 
2543, 3208, 9858, 9692, 8032, 
2544, 3218, 9958, 10692, 6921, 
2547, 3248, 10258, 2581, 3588, 
2551, 3288, 10658, 6581, 10255, 
2552, 3298, 10758, 7581, 9144, 
2553, 3308, 10858, 8581, 8033, 
2554, 3318, 10958, 9581, 6922, 
2555, 3328, 11058, 10581, 5811, 
2582, 3598, 2647, 4248, 9147, 
2583, 3608, 2747, 5248, 8036, 
2584, 3618, 2847, 6248, 6925, 
2585, 3628, 2947, 7248, 5814, 
2586, 3638, 3047, 8248, 4703, 
2587, 3648, 3147, 9248, 3592, 
2592, 3698, 3647, 3137, 9148, 
2593, 3708, 3747, 4137, 8037, 
2594, 3718, 3847, 5137, 6926, 
2595, 3728, 3947, 6137, 5815, 
2596, 3738, 4047, 7137, 4704, 
2597, 3748, 4147, 8137, 3593, 
2603, 3808, 4747, 3026, 8038, 
2604, 3818, 4847, 4026, 6927, 
2605, 3828, 4947, 5026, 5816, 
2606, 3838, 5047, 6026, 4705, 
2607, 3848, 5147, 7026, 3594, 
2611, 3888, 5547, 11026, 10261, 
2614, 3918, 5847, 2915, 6928, 
2615, 3928, 5947, 3915, 5817, 
2616, 3938, 6047, 4915, 4706, 
2617, 3948, 6147, 5915, 3595, 
2621, 3988, 6547, 9915, 10262, 
2622, 3998, 6647, 10915, 9151, 
2625, 4028, 6947, 2804, 5818, 
2626, 4038, 7047, 3804, 4707, 
2627, 4048, 7147, 4804, 3596, 
2631, 4088, 7547, 8804, 10263, 
2632, 4098, 7647, 9804, 9152, 
2633, 4108, 7747, 10804, 8041, 
2636, 4138, 8047, 2693, 4708, 
2637, 4148, 8147, 3693, 3597, 
2641, 4188, 8547, 7693, 10264, 
2642, 4198, 8647, 8693, 9153, 
2643, 4208, 8747, 9693, 8042, 
2644, 4218, 8847, 10693, 6931, 
2651, 4288, 9547, 6582, 10265, 
2652, 4298, 9647, 7582, 9154, 
2653, 4308, 9747, 8582, 8043, 
2654, 4318, 9847, 9582, 6932, 
2655, 4328, 9947, 10582, 5821, 
2661, 4388, 10547, 5471, 10266, 
2662, 4398, 10647, 6471, 9155, 
2663, 4408, 10747, 7471, 8044, 
2664, 4418, 10847, 8471, 6933, 
2665, 4428, 10947, 9471, 5822, 
2666, 4438, 11047, 10471, 4711, 
2694, 4718, 2736, 5138, 6936, 
2695, 4728, 2836, 6138, 5825, 
2696, 4738, 2936, 7138, 4714, 
2697, 4748, 3036, 8138, 3603, 
2703, 4808, 3636, 3027, 8048, 
2704, 4818, 3736, 4027, 6937, 
2705, 4828, 3836, 5027, 5826, 
2706, 4838, 3936, 6027, 4715, 
2707, 4848, 4036, 7027, 3604, 
2711, 4888, 4436, 11027, 10271, 
2714, 4918, 4736, 2916, 6938, 
2715, 4928, 4836, 3916, 5827, 
2716, 4938, 4936, 4916, 4716, 
2717, 4948, 5036, 5916, 3605, 
2721, 4988, 5436, 9916, 10272, 
2722, 4998, 5536, 10916, 9161, 
2725, 5028, 5836, 2805, 5828, 
2726, 5038, 5936, 3805, 4717, 
2727, 5048, 6036, 4805, 3606, 
2731, 5088, 6436, 8805, 10273, 
2732, 5098, 6536, 9805, 9162, 
2733, 5108, 6636, 10805, 8051, 
2737, 5148, 7036, 3694, 3607, 
2741, 5188, 7436, 7694, 10274, 
2742, 5198, 7536, 8694, 9163, 
2743, 5208, 7636, 9694, 8052, 
2744, 5218, 7736, 10694, 6941, 
2751, 5288, 8436, 6583, 10275, 
2752, 5298, 8536, 7583, 9164, 
2753, 5308, 8636, 8583, 8053, 
2754, 5318, 8736, 9583, 6942, 
2755, 5328, 8836, 10583, 5831, 
2761, 5388, 9436, 5472, 10276, 
2762, 5398, 9536, 6472, 9165, 
2763, 5408, 9636, 7472, 8054, 
2764, 5418, 9736, 8472, 6943, 
2765, 5428, 9836, 9472, 5832, 
2766, 5438, 9936, 10472, 4721, 
2771, 5488, 10436, 4361, 10277, 
2772, 5498, 10536, 5361, 9166, 
2773, 5508, 10636, 6361, 8055, 
2774, 5518, 10736, 7361, 6944, 
2775, 5528, 10836, 8361, 5833, 
2776, 5538, 10936, 9361, 4722, 
2777, 5548, 11036, 10361, 3611, 
2806, 5838, 2825, 6028, 4725, 
2807, 5848, 2925, 7028, 3614, 
2811, 5888, 3325, 11028, 10281, 
2814, 5918, 3625, 2917, 6948, 
2815, 5928, 3725, 3917, 5837, 
2816, 5938, 3825, 4917, 4726, 
2817, 5948, 3925, 5917, 3615, 
2821, 5988, 4325, 9917, 10282, 
2822, 5998, 4425, 10917, 9171, 
2826, 6038, 4825, 3806, 4727, 
2827, 6048, 4925, 4806, 3616, 
2831, 6088, 5325, 8806, 10283, 
2832, 6098, 5425, 9806, 9172, 
2833, 6108, 5525, 10806, 8061, 
2837, 6148, 5925, 3695, 3617, 
2841, 6188, 6325, 7695, 10284, 
2842, 6198, 6425, 8695, 9173, 
2843, 6208, 6525, 9695, 8062, 
2844, 6218, 6625, 10695, 6951, 
2851, 6288, 7325, 6584, 10285, 
2852, 6298, 7425, 7584, 9174, 
2853, 6308, 7525, 8584, 8063, 
2854, 6318, 7625, 9584, 6952, 
2855, 6328, 7725, 10584, 5841, 
2861, 6388, 8325, 5473, 10286, 
2862, 6398, 8425, 6473, 9175, 
2863, 6408, 8525, 7473, 8064, 
2864, 6418, 8625, 8473, 6953, 
2865, 6428, 8725, 9473, 5842, 
2866, 6438, 8825, 10473, 4731, 
2871, 6488, 9325, 4362, 10287, 
2872, 6498, 9425, 5362, 9176, 
2873, 6508, 9525, 6362, 8065, 
2874, 6518, 9625, 7362, 6954, 
2875, 6528, 9725, 8362, 5843, 
2876, 6538, 9825, 9362, 4732, 
2877, 6548, 9925, 10362, 3621, 
2881, 6588, 10325, 3251, 10288, 
2882, 6598, 10425, 4251, 9177, 
2883, 6608, 10525, 5251, 8066, 
2884, 6618, 10625, 6251, 6955, 
2885, 6628, 10725, 7251, 5844, 
2886, 6638, 10825, 8251, 4733, 
2887, 6648, 10925, 9251, 3622, 
2921, 6988, 3214, 9918, 10292, 
2922, 6998, 3314, 10918, 9181, 
2926, 7038, 3714, 3807, 4737, 
2927, 7048, 3814, 4807, 3626, 
2931, 7088, 4214, 8807, 10293, 
2932, 7098, 4314, 9807, 9182, 
2933, 7108, 4414, 10807, 8071, 
2937, 7148, 4814, 3696, 3627, 
2941, 7188, 5214, 7696, 10294, 
2942, 7198, 5314, 8696, 9183, 
2943, 7208, 5414, 9696, 8072, 
2944, 7218, 5514, 10696, 6961, 
2951, 7288, 6214, 6585, 10295, 
2952, 7298, 6314, 7585, 9184, 
2953, 7308, 6414, 8585, 8073, 
2954, 7318, 6514, 9585, 6962, 
2955, 7328, 6614, 10585, 5851, 
2961, 7388, 7214, 5474, 10296, 
2962, 7398, 7314, 6474, 9185, 
2963, 7408, 7414, 7474, 8074, 
2964, 7418, 7514, 8474, 6963, 
2965, 7428, 7614, 9474, 5852, 
2966, 7438, 7714, 10474, 4741, 
2971, 7488, 8214, 4363, 10297, 
2972, 7498, 8314, 5363, 9186, 
2973, 7508, 8414, 6363, 8075, 
2974, 7518, 8514, 7363, 6964, 
2975, 7528, 8614, 8363, 5853, 
2976, 7538, 8714, 9363, 4742, 
2977, 7548, 8814, 10363, 3631, 
2981, 7588, 9214, 3252, 10298, 
2982, 7598, 9314, 4252, 9187, 
2983, 7608, 9414, 5252, 8076, 
2984, 7618, 9514, 6252, 6965, 
2985, 7628, 9614, 7252, 5854, 
2986, 7638, 9714, 8252, 4743, 
2987, 7648, 9814, 9252, 3632, 
2992, 7698, 10314, 3141, 9188, 
2993, 7708, 10414, 4141, 8077, 
2994, 7718, 10514, 5141, 6966, 
2995, 7728, 10614, 6141, 5855, 
2996, 7738, 10714, 7141, 4744, 
2997, 7748, 10814, 8141, 3633, 
3031, 8088, 3103, 8808, 10303, 
3032, 8098, 3203, 9808, 9192, 
3033, 8108, 3303, 10808, 8081, 
3037, 8148, 3703, 3697, 3637, 
3041, 8188, 4103, 7697, 10304, 
3042, 8198, 4203, 8697, 9193, 
3043, 8208, 4303, 9697, 8082, 
3044, 8218, 4403, 10697, 6971, 
3051, 8288, 5103, 6586, 10305, 
3052, 8298, 5203, 7586, 9194, 
3053, 8308, 5303, 8586, 8083, 
3054, 8318, 5403, 9586, 6972, 
3055, 8328, 5503, 10586, 5861, 
3061, 8388, 6103, 5475, 10306, 
3062, 8398, 6203, 6475, 9195, 
3063, 8408, 6303, 7475, 8084, 
3064, 8418, 6403, 8475, 6973, 
3065, 8428, 6503, 9475, 5862, 
3066, 8438, 6603, 10475, 4751, 
3071, 8488, 7103, 4364, 10307, 
3072, 8498, 7203, 5364, 9196, 
3073, 8508, 7303, 6364, 8085, 
3074, 8518, 7403, 7364, 6974, 
3075, 8528, 7503, 8364, 5863, 
3076, 8538, 7603, 9364, 4752, 
3077, 8548, 7703, 10364, 3641, 
3081, 8588, 8103, 3253, 10308, 
3082, 8598, 8203, 4253, 9197, 
3083, 8608, 8303, 5253, 8086, 
3084, 8618, 8403, 6253, 6975, 
3085, 8628, 8503, 7253, 5864, 
3086, 8638, 8603, 8253, 4753, 
3087, 8648, 8703, 9253, 3642, 
3092, 8698, 9203, 3142, 9198, 
3093, 8708, 9303, 4142, 8087, 
3094, 8718, 9403, 5142, 6976, 
3095, 8728, 9503, 6142, 5865, 
3096, 8738, 9603, 7142, 4754, 
3097, 8748, 9703, 8142, 3643, 
3104, 8818, 10403, 4031, 6977, 
3105, 8828, 10503, 5031, 5866, 
3106, 8838, 10603, 6031, 4755, 
3107, 8848, 10703, 7031, 3644, 
3111, 8888, 11103, 11031, 10311, 
3143, 9208, 3192, 9698, 8092, 
3144, 9218, 3292, 10698, 6981, 
3151, 9288, 3992, 6587, 10315, 
3152, 9298, 4092, 7587, 9204, 
3153, 9308, 4192, 8587, 8093, 
3154, 9318, 4292, 9587, 6982, 
3155, 9328, 4392, 10587, 5871, 
3161, 9388, 4992, 5476, 10316, 
3162, 9398, 5092, 6476, 9205, 
3163, 9408, 5192, 7476, 8094, 
3164, 9418, 5292, 8476, 6983, 
3165, 9428, 5392, 9476, 5872, 
3166, 9438, 5492, 10476, 4761, 
3171, 9488, 5992, 4365, 10317, 
3172, 9498, 6092, 5365, 9206, 
3173, 9508, 6192, 6365, 8095, 
3174, 9518, 6292, 7365, 6984, 
3175, 9528, 6392, 8365, 5873, 
3176, 9538, 6492, 9365, 4762, 
3177, 9548, 6592, 10365, 3651, 
3181, 9588, 6992, 3254, 10318, 
3182, 9598, 7092, 4254, 9207, 
3183, 9608, 7192, 5254, 8096, 
3184, 9618, 7292, 6254, 6985, 
3185, 9628, 7392, 7254, 5874, 
3186, 9638, 7492, 8254, 4763, 
3187, 9648, 7592, 9254, 3652, 
3193, 9708, 8192, 4143, 8097, 
3194, 9718, 8292, 5143, 6986, 
3195, 9728, 8392, 6143, 5875, 
3196, 9738, 8492, 7143, 4764, 
3197, 9748, 8592, 8143, 3653, 
3204, 9818, 9292, 4032, 6987, 
3205, 9828, 9392, 5032, 5876, 
3206, 9838, 9492, 6032, 4765, 
3207, 9848, 9592, 7032, 3654, 
3211, 9888, 9992, 11032, 10321, 
3215, 9928, 10392, 3921, 5877, 
3216, 9938, 10492, 4921, 4766, 
3217, 9948, 10592, 5921, 3655, 
3221, 9988, 10992, 9921, 10322, 
3222, 9998, 11092, 10921, 9211, 
3255, 10328, 3281, 10588, 5881, 
3261, 10388, 3881, 5477, 10326, 
3262, 10398, 3981, 6477, 9215, 
3263, 10408, 4081, 7477, 8104, 
3264, 10418, 4181, 8477, 6993, 
3265, 10428, 4281, 9477, 5882, 
3266, 10438, 4381, 10477, 4771, 
3271, 10488, 4881, 4366, 10327, 
3272, 10498, 4981, 5366, 9216, 
3273, 10508, 5081, 6366, 8105, 
3274, 10518, 5181, 7366, 6994, 
3275, 10528, 5281, 8366, 5883, 
3276, 10538, 5381, 9366, 4772, 
3277, 10548, 5481, 10366, 3661, 
3282, 10598, 5981, 4255, 9217, 
3283, 10608, 6081, 5255, 8106, 
3284, 10618, 6181, 6255, 6995, 
3285, 10628, 6281, 7255, 5884, 
3286, 10638, 6381, 8255, 4773, 
3287, 10648, 6481, 9255, 3662, 
3293, 10708, 7081, 4144, 8107, 
3294, 10718, 7181, 5144, 6996, 
3295, 10728, 7281, 6144, 5885, 
3296, 10738, 7381, 7144, 4774, 
3297, 10748, 7481, 8144, 3663, 
3304, 10818, 8181, 4033, 6997, 
3305, 10828, 8281, 5033, 5886, 
3306, 10838, 8381, 6033, 4775, 
3307, 10848, 8481, 7033, 3664, 
3311, 10888, 8881, 11033, 10331, 
3315, 10928, 9281, 3922, 5887, 
3316, 10938, 9381, 4922, 4776, 
3317, 10948, 9481, 5922, 3665, 
3321, 10988, 9881, 9922, 10332, 
3322, 10998, 9981, 10922, 9221, 
3326, 11038, 10381, 3811, 4777, 
3327, 11048, 10481, 4811, 3666, 
3331, 11088, 10881, 8811, 10333, 
3332, 11098, 10981, 9811, 9222, 
3333, 11108, 11081, 10811, 8111, 
3704, 3707, 3737, 4037, 7037, 
3705, 3717, 3837, 5037, 5926, 
3706, 3727, 3937, 6037, 4815, 
3711, 3777, 4437, 11037, 10371, 
3715, 3817, 4837, 3926, 5927, 
3716, 3827, 4937, 4926, 4816, 
3721, 3877, 5437, 9926, 10372, 
3722, 3887, 5537, 10926, 9261, 
3726, 3927, 5937, 3815, 4817, 
3731, 3977, 6437, 8815, 10373, 
3732, 3987, 6537, 9815, 9262, 
3733, 3997, 6637, 10815, 8151, 
3741, 4077, 7437, 7704, 10374, 
3742, 4087, 7537, 8704, 9263, 
3743, 4097, 7637, 9704, 8152, 
3744, 4107, 7737, 10704, 7041, 
3751, 4177, 8437, 6593, 10375, 
3752, 4187, 8537, 7593, 9264, 
3753, 4197, 8637, 8593, 8153, 
3754, 4207, 8737, 9593, 7042, 
3755, 4217, 8837, 10593, 5931, 
3761, 4277, 9437, 5482, 10376, 
3762, 4287, 9537, 6482, 9265, 
3763, 4297, 9637, 7482, 8154, 
3764, 4307, 9737, 8482, 7043, 
3765, 4317, 9837, 9482, 5932, 
3766, 4327, 9937, 10482, 4821, 
3771, 4377, 10437, 4371, 10377, 
3772, 4387, 10537, 5371, 9266, 
3773, 4397, 10637, 6371, 8155, 
3774, 4407, 10737, 7371, 7044, 
3775, 4417, 10837, 8371, 5933, 
3776, 4427, 10937, 9371, 4822, 
3816, 4827, 3826, 4927, 4826, 
3821, 4877, 4326, 9927, 10382, 
3822, 4887, 4426, 10927, 9271, 
3831, 4977, 5326, 8816, 10383, 
3832, 4987, 5426, 9816, 9272, 
3833, 4997, 5526, 10816, 8161, 
3841, 5077, 6326, 7705, 10384, 
3842, 5087, 6426, 8705, 9273, 
3843, 5097, 6526, 9705, 8162, 
3844, 5107, 6626, 10705, 7051, 
3851, 5177, 7326, 6594, 10385, 
3852, 5187, 7426, 7594, 9274, 
3853, 5197, 7526, 8594, 8163, 
3854, 5207, 7626, 9594, 7052, 
3855, 5217, 7726, 10594, 5941, 
3861, 5277, 8326, 5483, 10386, 
3862, 5287, 8426, 6483, 9275, 
3863, 5297, 8526, 7483, 8164, 
3864, 5307, 8626, 8483, 7053, 
3865, 5317, 8726, 9483, 5942, 
3866, 5327, 8826, 10483, 4831, 
3871, 5377, 9326, 4372, 10387, 
3872, 5387, 9426, 5372, 9276, 
3873, 5397, 9526, 6372, 8165, 
3874, 5407, 9626, 7372, 7054, 
3875, 5417, 9726, 8372, 5943, 
3876, 5427, 9826, 9372, 4832, 
3882, 5487, 10426, 4261, 9277, 
3883, 5497, 10526, 5261, 8166, 
3884, 5507, 10626, 6261, 7055, 
3885, 5517, 10726, 7261, 5944, 
3886, 5527, 10826, 8261, 4833, 
3931, 5977, 4215, 8817, 10393, 
3932, 5987, 4315, 9817, 9282, 
3933, 5997, 4415, 10817, 8171, 
3941, 6077, 5215, 7706, 10394, 
3942, 6087, 5315, 8706, 9283, 
3943, 6097, 5415, 9706, 8172, 
3944, 6107, 5515, 10706, 7061, 
3951, 6177, 6215, 6595, 10395, 
3952, 6187, 6315, 7595, 9284, 
3953, 6197, 6415, 8595, 8173, 
3954, 6207, 6515, 9595, 7062, 
3955, 6217, 6615, 10595, 5951, 
3961, 6277, 7215, 5484, 10396, 
3962, 6287, 7315, 6484, 9285, 
3963, 6297, 7415, 7484, 8174, 
3964, 6307, 7515, 8484, 7063, 
3965, 6317, 7615, 9484, 5952, 
3966, 6327, 7715, 10484, 4841, 
3971, 6377, 8215, 4373, 10397, 
3972, 6387, 8315, 5373, 9286, 
3973, 6397, 8415, 6373, 8175, 
3974, 6407, 8515, 7373, 7064, 
3975, 6417, 8615, 8373, 5953, 
3976, 6427, 8715, 9373, 4842, 
3982, 6487, 9315, 4262, 9287, 
3983, 6497, 9415, 5262, 8176, 
3984, 6507, 9515, 6262, 7065, 
3985, 6517, 9615, 7262, 5954, 
3986, 6527, 9715, 8262, 4843, 
3993, 6597, 10415, 4151, 8177, 
3994, 6607, 10515, 5151, 7066, 
3995, 6617, 10615, 6151, 5955, 
3996, 6627, 10715, 7151, 4844, 
4041, 7077, 4104, 7707, 10404, 
4042, 7087, 4204, 8707, 9293, 
4043, 7097, 4304, 9707, 8182, 
4044, 7107, 4404, 10707, 7071, 
4051, 7177, 5104, 6596, 10405, 
4052, 7187, 5204, 7596, 9294, 
4053, 7197, 5304, 8596, 8183, 
4054, 7207, 5404, 9596, 7072, 
4055, 7217, 5504, 10596, 5961, 
4061, 7277, 6104, 5485, 10406, 
4062, 7287, 6204, 6485, 9295, 
4063, 7297, 6304, 7485, 8184, 
4064, 7307, 6404, 8485, 7073, 
4065, 7317, 6504, 9485, 5962, 
4066, 7327, 6604, 10485, 4851, 
4071, 7377, 7104, 4374, 10407, 
4072, 7387, 7204, 5374, 9296, 
4073, 7397, 7304, 6374, 8185, 
4074, 7407, 7404, 7374, 7074, 
4075, 7417, 7504, 8374, 5963, 
4076, 7427, 7604, 9374, 4852, 
4082, 7487, 8204, 4263, 9297, 
4083, 7497, 8304, 5263, 8186, 
4084, 7507, 8404, 6263, 7075, 
4085, 7517, 8504, 7263, 5964, 
4086, 7527, 8604, 8263, 4853, 
4093, 7597, 9304, 4152, 8187, 
4094, 7607, 9404, 5152, 7076, 
4095, 7617, 9504, 6152, 5965, 
4096, 7627, 9604, 7152, 4854, 
4105, 7717, 10504, 5041, 5966, 
4106, 7727, 10604, 6041, 4855, 
4111, 7777, 11104, 11041, 10411, 
4153, 8197, 4193, 8597, 8193, 
4154, 8207, 4293, 9597, 7082, 
4155, 8217, 4393, 10597, 5971, 
4161, 8277, 4993, 5486, 10416, 
4162, 8287, 5093, 6486, 9305, 
4163, 8297, 5193, 7486, 8194, 
4164, 8307, 5293, 8486, 7083, 
4165, 8317, 5393, 9486, 5972, 
4166, 8327, 5493, 10486, 4861, 
4171, 8377, 5993, 4375, 10417, 
4172, 8387, 6093, 5375, 9306, 
4173, 8397, 6193, 6375, 8195, 
4174, 8407, 6293, 7375, 7084, 
4175, 8417, 6393, 8375, 5973, 
4176, 8427, 6493, 9375, 4862, 
4182, 8487, 7093, 4264, 9307, 
4183, 8497, 7193, 5264, 8196, 
4184, 8507, 7293, 6264, 7085, 
4185, 8517, 7393, 7264, 5974, 
4186, 8527, 7493, 8264, 4863, 
4194, 8607, 8293, 5153, 7086, 
4195, 8617, 8393, 6153, 5975, 
4196, 8627, 8493, 7153, 4864, 
4205, 8717, 9393, 5042, 5976, 
4206, 8727, 9493, 6042, 4865, 
4211, 8777, 9993, 11042, 10421, 
4216, 8827, 10493, 4931, 4866, 
4221, 8877, 10993, 9931, 10422, 
4222, 8887, 11093, 10931, 9311, 
4265, 9317, 4282, 9487, 5982, 
4266, 9327, 4382, 10487, 4871, 
4271, 9377, 4882, 4376, 10427, 
4272, 9387, 4982, 5376, 9316, 
4273, 9397, 5082, 6376, 8205, 
4274, 9407, 5182, 7376, 7094, 
4275, 9417, 5282, 8376, 5983, 
4276, 9427, 5382, 9376, 4872, 
4283, 9497, 6082, 5265, 8206, 
4284, 9507, 6182, 6265, 7095, 
4285, 9517, 6282, 7265, 5984, 
4286, 9527, 6382, 8265, 4873, 
4294, 9607, 7182, 5154, 7096, 
4295, 9617, 7282, 6154, 5985, 
4296, 9627, 7382, 7154, 4874, 
4305, 9717, 8282, 5043, 5986, 
4306, 9727, 8382, 6043, 4875, 
4311, 9777, 8882, 11043, 10431, 
4316, 9827, 9382, 4932, 4876, 
4321, 9877, 9882, 9932, 10432, 
4322, 9887, 9982, 10932, 9321, 
4331, 9977, 10882, 8821, 10433, 
4332, 9987, 10982, 9821, 9322, 
4333, 9997, 11082, 10821, 8211, 
4383, 10497, 4971, 5266, 8216, 
4384, 10507, 5071, 6266, 7105, 
4385, 10517, 5171, 7266, 5994, 
4386, 10527, 5271, 8266, 4883, 
4394, 10607, 6071, 5155, 7106, 
4395, 10617, 6171, 6155, 5995, 
4396, 10627, 6271, 7155, 4884, 
4405, 10717, 7171, 5044, 5996, 
4406, 10727, 7271, 6044, 4885, 
4411, 10777, 7771, 11044, 10441, 
4416, 10827, 8271, 4933, 4886, 
4421, 10877, 8771, 9933, 10442, 
4422, 10887, 8871, 10933, 9331, 
4431, 10977, 9771, 8822, 10443, 
4432, 10987, 9871, 9822, 9332, 
4433, 10997, 9971, 10822, 8221, 
4441, 11077, 10771, 7711, 10444, 
4442, 11087, 10871, 8711, 9333, 
4443, 11097, 10971, 9711, 8222, 
4444, 11107, 11071, 10711, 7111, 
4941, 4966, 5216, 7716, 10494, 
4942, 4976, 5316, 8716, 9383, 
4943, 4986, 5416, 9716, 8272, 
4944, 4996, 5516, 10716, 7161, 
4951, 5066, 6216, 6605, 10495, 
4952, 5076, 6316, 7605, 9384, 
4953, 5086, 6416, 8605, 8273, 
4954, 5096, 6516, 9605, 7162, 
4955, 5106, 6616, 10605, 6051, 
4961, 5166, 7216, 5494, 10496, 
4962, 5176, 7316, 6494, 9385, 
4963, 5186, 7416, 7494, 8274, 
4964, 5196, 7516, 8494, 7163, 
4965, 5206, 7616, 9494, 6052, 
4972, 5276, 8316, 5383, 9386, 
4973, 5286, 8416, 6383, 8275, 
4974, 5296, 8516, 7383, 7164, 
4975, 5306, 8616, 8383, 6053, 
4983, 5386, 9416, 5272, 8276, 
4984, 5396, 9516, 6272, 7165, 
4985, 5406, 9616, 7272, 6054, 
4994, 5496, 10516, 5161, 7166, 
4995, 5506, 10616, 6161, 6055, 
5051, 6066, 5105, 6606, 10505, 
5052, 6076, 5205, 7606, 9394, 
5053, 6086, 5305, 8606, 8283, 
5054, 6096, 5405, 9606, 7172, 
5055, 6106, 5505, 10606, 6061, 
5061, 6166, 6105, 5495, 10506, 
5062, 6176, 6205, 6495, 9395, 
5063, 6186, 6305, 7495, 8284, 
5064, 6196, 6405, 8495, 7173, 
5065, 6206, 6505, 9495, 6062, 
5072, 6276, 7205, 5384, 9396, 
5073, 6286, 7305, 6384, 8285, 
5074, 6296, 7405, 7384, 7174, 
5075, 6306, 7505, 8384, 6063, 
5083, 6386, 8305, 5273, 8286, 
5084, 6396, 8405, 6273, 7175, 
5085, 6406, 8505, 7273, 6064, 
5094, 6496, 9405, 5162, 7176, 
5095, 6506, 9505, 6162, 6065, 
5111, 6666, 11105, 11051, 10511, 
5163, 7186, 5194, 7496, 8294, 
5164, 7196, 5294, 8496, 7183, 
5165, 7206, 5394, 9496, 6072, 
5172, 7276, 6094, 5385, 9406, 
5173, 7286, 6194, 6385, 8295, 
5174, 7296, 6294, 7385, 7184, 
5175, 7306, 6394, 8385, 6073, 
5183, 7386, 7194, 5274, 8296, 
5184, 7396, 7294, 6274, 7185, 
5185, 7406, 7394, 7274, 6074, 
5195, 7506, 8394, 6163, 6075, 
5211, 7666, 9994, 11052, 10521, 
5221, 7766, 10994, 9941, 10522, 
5222, 7776, 11094, 10941, 9411, 
5275, 8306, 5283, 8386, 6083, 
5284, 8396, 6183, 6275, 7195, 
5285, 8406, 6283, 7275, 6084, 
5295, 8506, 7283, 6164, 6085, 
5311, 8666, 8883, 11053, 10531, 
5321, 8766, 9883, 9942, 10532, 
5322, 8776, 9983, 10942, 9421, 
5331, 8866, 10883, 8831, 10533, 
5332, 8876, 10983, 9831, 9422, 
5333, 8886, 11083, 10831, 8311, 
5395, 9506, 6172, 6165, 6095, 
5411, 9666, 7772, 11054, 10541, 
5421, 9766, 8772, 9943, 10542, 
5422, 9776, 8872, 10943, 9431, 
5431, 9866, 9772, 8832, 10543, 
5432, 9876, 9872, 9832, 9432, 
5433, 9886, 9972, 10832, 8321, 
5441, 9966, 10772, 7721, 10544, 
5442, 9976, 10872, 8721, 9433, 
5443, 9986, 10972, 9721, 8322, 
5444, 9996, 11072, 10721, 7211, 
5511, 10666, 6661, 11055, 10551, 
5521, 10766, 7661, 9944, 10552, 
5522, 10776, 7761, 10944, 9441, 
5531, 10866, 8661, 8833, 10553, 
5532, 10876, 8761, 9833, 9442, 
5533, 10886, 8861, 10833, 8331, 
5541, 10966, 9661, 7722, 10554, 
5542, 10976, 9761, 8722, 9443, 
5543, 10986, 9861, 9722, 8332, 
5544, 10996, 9961, 10722, 7221, 
5551, 11066, 10661, 6611, 10555, 
5552, 11076, 10761, 7611, 9444, 
5553, 11086, 10861, 8611, 8333, 
5554, 11096, 10961, 9611, 7222, 
5555, 11106, 11061, 10611, 6111, 
6173, 6175, 6195, 6395, 8395, 
6174, 6185, 6295, 7395, 7284, 
6184, 6285, 7295, 6284, 7285, 
6211, 6555, 9995, 11062, 10621, 
6221, 6655, 10995, 9951, 10622, 
6222, 6665, 11095, 10951, 9511, 
6311, 7555, 8884, 11063, 10631, 
6321, 7655, 9884, 9952, 10632, 
6322, 7665, 9984, 10952, 9521, 
6331, 7755, 10884, 8841, 10633, 
6332, 7765, 10984, 9841, 9522, 
6333, 7775, 11084, 10841, 8411, 
6411, 8555, 7773, 11064, 10641, 
6421, 8655, 8773, 9953, 10642, 
6422, 8665, 8873, 10953, 9531, 
6431, 8755, 9773, 8842, 10643, 
6432, 8765, 9873, 9842, 9532, 
6433, 8775, 9973, 10842, 8421, 
6441, 8855, 10773, 7731, 10644, 
6442, 8865, 10873, 8731, 9533, 
6443, 8875, 10973, 9731, 8422, 
6444, 8885, 11073, 10731, 7311, 
6511, 9555, 6662, 11065, 10651, 
6521, 9655, 7662, 9954, 10652, 
6522, 9665, 7762, 10954, 9541, 
6531, 9755, 8662, 8843, 10653, 
6532, 9765, 8762, 9843, 9542, 
6533, 9775, 8862, 10843, 8431, 
6541, 9855, 9662, 7732, 10654, 
6542, 9865, 9762, 8732, 9543, 
6543, 9875, 9862, 9732, 8432, 
6544, 9885, 9962, 10732, 7321, 
6551, 9955, 10662, 6621, 10655, 
6552, 9965, 10762, 7621, 9544, 
6553, 9975, 10862, 8621, 8433, 
6554, 9985, 10962, 9621, 7322, 
6622, 10665, 6651, 10955, 9551, 
6631, 10755, 7551, 8844, 10663, 
6632, 10765, 7651, 9844, 9552, 
6633, 10775, 7751, 10844, 8441, 
6641, 10855, 8551, 7733, 10664, 
6642, 10865, 8651, 8733, 9553, 
6643, 10875, 8751, 9733, 8442, 
6644, 10885, 8851, 10733, 7331, 
6652, 10965, 9651, 7622, 9554, 
6653, 10975, 9751, 8622, 8443, 
6654, 10985, 9851, 9622, 7332, 
6663, 11075, 10751, 7511, 8444, 
6664, 11085, 10851, 8511, 7333, 
7411, 7444, 7774, 11074, 10741, 
7421, 7544, 8774, 9963, 10742, 
7422, 7554, 8874, 10963, 9631, 
7431, 7644, 9774, 8852, 10743, 
7432, 7654, 9874, 9852, 9632, 
7433, 7664, 9974, 10852, 8521, 
7441, 7744, 10774, 7741, 10744, 
7442, 7754, 10874, 8741, 9633, 
7443, 7764, 10974, 9741, 8522, 
7521, 8544, 7663, 9964, 10752, 
7522, 8554, 7763, 10964, 9641, 
7531, 8644, 8663, 8853, 10753, 
7532, 8654, 8763, 9853, 9642, 
7533, 8664, 8863, 10853, 8531, 
7541, 8744, 9663, 7742, 10754, 
7542, 8754, 9763, 8742, 9643, 
7543, 8764, 9863, 9742, 8532, 
7552, 8854, 10763, 7631, 9644, 
7553, 8864, 10863, 8631, 8533, 
7632, 9654, 7652, 9854, 9652, 
7633, 9664, 7752, 10854, 8541, 
7641, 9744, 8552, 7743, 10764, 
7642, 9754, 8652, 8743, 9653, 
7643, 9764, 8752, 9743, 8542, 
7653, 9864, 9752, 8632, 8543, 
7753, 10864, 8641, 8633, 8553, 
8642, 8643, 8653, 8753, 9753
