2261=7x17x19
X= 15 {3: 1, 5: 1}
144
442282176028306059265811587793011941618752764263600176912870411322423706324635117204776647501105705440070765148164528969482529854046881910659
[1, 10, 100, 1000, 956, 516, 638, 1858, 492, 398, 1719, 1363, 64, 640, 1878, 692, 137, 1370, 134, 1340, 2095, 601, 1488, 1314, 1835, 262, 359, 1329, 1985, 1762, 1793, 2103, 681, 27, 270, 439, 2129, 941, 366, 1399, 424, 1979, 1702, 1193, 625, 1728, 1453, 964, 596, 1438, 814, 1357, 4, 40, 400, 1739, 1563, 2064, 291, 649, 1968, 1592, 93, 930, 256, 299, 729, 507, 548, 958, 536, 838, 1597, 143, 1430, 734, 557, 1048, 1436, 794, 1157, 265, 389, 1629, 463, 108, 1080, 1756, 1733, 1503, 1464, 1074, 1696, 1133, 25, 250, 239, 129, 1290, 1595, 123, 1230, 995, 906, 16, 160, 1600, 173, 1730, 1473, 1164, 335, 1089, 1846, 372, 1459, 1024, 1196, 655, 2028, 2192, 1571, 2144, 1091, 1866, 572, 1198, 675, 2228, 1931, 1222, 915, 106, 1060, 1556, 1994, 1852, 432, 2059, 241, 149, 1490, 1334, 2035]
[1, {3: 0, 5: 0}, [1, 10, 100, 1000, 956, 516, 638, 1858, 492, 398, 1719, 1363, 64, 640, 1878, 692, 137, 1370, 134, 1340, 2095, 601, 1488, 1314, 1835, 262, 359, 1329, 1985, 1762, 1793, 2103, 681, 27, 270, 439, 2129, 941, 366, 1399, 424, 1979, 1702, 1193, 625, 1728, 1453, 964, 596, 1438, 814, 1357, 4, 40, 400, 1739, 1563, 2064, 291, 649, 1968, 1592, 93, 930, 256, 299, 729, 507, 548, 958, 536, 838, 1597, 143, 1430, 734, 557, 1048, 1436, 794, 1157, 265, 389, 1629, 463, 108, 1080, 1756, 1733, 1503, 1464, 1074, 1696, 1133, 25, 250, 239, 129, 1290, 1595, 123, 1230, 995, 906, 16, 160, 1600, 173, 1730, 1473, 1164, 335, 1089, 1846, 372, 1459, 1024, 1196, 655, 2028, 2192, 1571, 2144, 1091, 1866, 572, 1198, 675, 2228, 1931, 1222, 915, 106, 1060, 1556, 1994, 1852, 432, 2059, 241, 149, 1490, 1334, 2035]]
[2, {3: 0, 5: 0}, [2, 20, 200, 2000, 1912, 1032, 1276, 1455, 984, 796, 1177, 465, 128, 1280, 1495, 1384, 274, 479, 268, 419, 1929, 1202, 715, 367, 1409, 524, 718, 397, 1709, 1263, 1325, 1945, 1362, 54, 540, 878, 1997, 1882, 732, 537, 848, 1697, 1143, 125, 1250, 1195, 645, 1928, 1192, 615, 1628, 453, 8, 80, 800, 1217, 865, 1867, 582, 1298, 1675, 923, 186, 1860, 512, 598, 1458, 1014, 1096, 1916, 1072, 1676, 933, 286, 599, 1468, 1114, 2096, 611, 1588, 53, 530, 778, 997, 926, 216, 2160, 1251, 1205, 745, 667, 2148, 1131, 5, 50, 500, 478, 258, 319, 929, 246, 199, 1990, 1812, 32, 320, 939, 346, 1199, 685, 67, 670, 2178, 1431, 744, 657, 2048, 131, 1310, 1795, 2123, 881, 2027, 2182, 1471, 1144, 135, 1350, 2195, 1601, 183, 1830, 212, 2120, 851, 1727, 1443, 864, 1857, 482, 298, 719, 407, 1809]]
[3, {3: 1, 5: 1}, [3, 30, 300, 739, 607, 1548, 1914, 1052, 1476, 1194, 635, 1828, 192, 1920, 1112, 2076, 411, 1849, 402, 1759, 1763, 1803, 2203, 1681, 983, 786, 1077, 1726, 1433, 764, 857, 1787, 2043, 81, 810, 1317, 1865, 562, 1098, 1936, 1272, 1415, 584, 1318, 1875, 662, 2098, 631, 1788, 2053, 181, 1810, 12, 120, 1200, 695, 167, 1670, 873, 1947, 1382, 254, 279, 529, 768, 897, 2187, 1521, 1644, 613, 1608, 253, 269, 429, 2029, 2202, 1671, 883, 2047, 121, 1210, 795, 1167, 365, 1389, 324, 979, 746, 677, 2248, 2131, 961, 566, 1138, 75, 750, 717, 387, 1609, 263, 369, 1429, 724, 457, 48, 480, 278, 519, 668, 2158, 1231, 1005, 1006, 1016, 1116, 2116, 811, 1327, 1965, 1562, 2054, 191, 1910, 1012, 1076, 1716, 1333, 2025, 2162, 1271, 1405, 484, 318, 919, 146, 1460, 1034, 1296, 1655, 723, 447, 2209, 1741, 1583]]
[6, {3: 1, 5: 1}, [6, 60, 600, 1478, 1214, 835, 1567, 2104, 691, 127, 1270, 1395, 384, 1579, 2224, 1891, 822, 1437, 804, 1257, 1265, 1345, 2145, 1101, 1966, 1572, 2154, 1191, 605, 1528, 1714, 1313, 1825, 162, 1620, 373, 1469, 1124, 2196, 1611, 283, 569, 1168, 375, 1489, 1324, 1935, 1262, 1315, 1845, 362, 1359, 24, 240, 139, 1390, 334, 1079, 1746, 1633, 503, 508, 558, 1058, 1536, 1794, 2113, 781, 1027, 1226, 955, 506, 538, 858, 1797, 2143, 1081, 1766, 1833, 242, 159, 1590, 73, 730, 517, 648, 1958, 1492, 1354, 2235, 2001, 1922, 1132, 15, 150, 1500, 1434, 774, 957, 526, 738, 597, 1448, 914, 96, 960, 556, 1038, 1336, 2055, 201, 2010, 2012, 2032, 2232, 1971, 1622, 393, 1669, 863, 1847, 382, 1559, 2024, 2152, 1171, 405, 1789, 2063, 281, 549, 968, 636, 1838, 292, 659, 2068, 331, 1049, 1446, 894, 2157, 1221, 905]]
[7, {3: 0, 5: 0}, [7, 70, 700, 217, 2170, 1351, 2205, 1701, 1183, 525, 728, 497, 448, 2219, 1841, 322, 959, 546, 938, 336, 1099, 1946, 1372, 154, 1540, 1834, 252, 259, 329, 1029, 1246, 1155, 245, 189, 1890, 812, 1337, 2065, 301, 749, 707, 287, 609, 1568, 2114, 791, 1127, 2226, 1911, 1022, 1176, 455, 28, 280, 539, 868, 1897, 882, 2037, 21, 210, 2100, 651, 1988, 1792, 2093, 581, 1288, 1575, 2184, 1491, 1344, 2135, 1001, 966, 616, 1638, 553, 1008, 1036, 1316, 1855, 462, 98, 980, 756, 777, 987, 826, 1477, 1204, 735, 567, 1148, 175, 1750, 1673, 903, 2247, 2121, 861, 1827, 182, 1820, 112, 1120, 2156, 1211, 805, 1267, 1365, 84, 840, 1617, 343, 1169, 385, 1589, 63, 630, 1778, 1953, 1442, 854, 1757, 1743, 1603, 203, 2030, 2212, 1771, 1883, 742, 637, 1848, 392, 1659, 763, 847, 1687, 1043, 1386, 294, 679]]
[9, {3: 1, 5: 1}, [9, 90, 900, 2217, 1821, 122, 1220, 895, 2167, 1321, 1905, 962, 576, 1238, 1075, 1706, 1233, 1025, 1206, 755, 767, 887, 2087, 521, 688, 97, 970, 656, 2038, 31, 310, 839, 1607, 243, 169, 1690, 1073, 1686, 1033, 1286, 1555, 1984, 1752, 1693, 1103, 1986, 1772, 1893, 842, 1637, 543, 908, 36, 360, 1339, 2085, 501, 488, 358, 1319, 1885, 762, 837, 1587, 43, 430, 2039, 41, 410, 1839, 302, 759, 807, 1287, 1565, 2084, 491, 388, 1619, 363, 1369, 124, 1240, 1095, 1906, 972, 676, 2238, 2031, 2222, 1871, 622, 1698, 1153, 225, 2250, 2151, 1161, 305, 789, 1107, 2026, 2172, 1371, 144, 1440, 834, 1557, 2004, 1952, 1432, 754, 757, 787, 1087, 1826, 172, 1720, 1373, 164, 1640, 573, 1208, 775, 967, 626, 1738, 1553, 1964, 1552, 1954, 1452, 954, 496, 438, 2119, 841, 1627, 443, 2169, 1341, 2105, 701, 227]]
[11, {3: 1, 5: 1}, [11, 110, 1100, 1956, 1472, 1154, 235, 89, 890, 2117, 821, 1427, 704, 257, 309, 829, 1507, 1504, 1474, 1174, 435, 2089, 541, 888, 2097, 621, 1688, 1053, 1486, 1294, 1635, 523, 708, 297, 709, 307, 809, 1307, 1765, 1823, 142, 1420, 634, 1818, 92, 920, 156, 1560, 2034, 2252, 2171, 1361, 44, 440, 2139, 1041, 1366, 94, 940, 356, 1299, 1685, 1023, 1186, 555, 1028, 1236, 1055, 1506, 1494, 1374, 174, 1740, 1573, 2164, 1291, 1605, 223, 2230, 1951, 1422, 654, 2018, 2092, 571, 1188, 575, 1228, 975, 706, 277, 509, 568, 1158, 275, 489, 368, 1419, 624, 1718, 1353, 2225, 1901, 922, 176, 1760, 1773, 1903, 942, 376, 1499, 1424, 674, 2218, 1831, 222, 2220, 1851, 422, 1959, 1502, 1454, 974, 696, 177, 1770, 1873, 642, 1898, 892, 2137, 1021, 1166, 355, 1289, 1585, 23, 230, 39, 390, 1639, 563, 1108, 2036]]
[13, {3: 1, 5: 1}, [13, 130, 1300, 1695, 1123, 2186, 1511, 1544, 1874, 652, 1998, 1892, 832, 1537, 1804, 2213, 1781, 1983, 1742, 1593, 103, 1030, 1256, 1255, 1245, 1145, 145, 1450, 934, 296, 699, 207, 2070, 351, 1249, 1185, 545, 928, 236, 99, 990, 856, 1777, 1943, 1342, 2115, 801, 1227, 965, 606, 1538, 1814, 52, 520, 678, 2258, 2231, 1961, 1522, 1654, 713, 347, 1209, 785, 1067, 1626, 433, 2069, 341, 1149, 185, 1850, 412, 1859, 502, 498, 458, 58, 580, 1278, 1475, 1184, 535, 828, 1497, 1404, 474, 218, 2180, 1451, 944, 396, 1699, 1163, 325, 989, 846, 1677, 943, 386, 1599, 163, 1630, 473, 208, 2080, 451, 2249, 2141, 1061, 1566, 2094, 591, 1388, 314, 879, 2007, 1982, 1732, 1493, 1364, 74, 740, 617, 1648, 653, 2008, 1992, 1832, 232, 59, 590, 1378, 214, 2140, 1051, 1466, 1094, 1896, 872, 1937, 1282, 1515, 1584]]
[14, {3: 0, 5: 0}, [14, 140, 1400, 434, 2079, 441, 2149, 1141, 105, 1050, 1456, 994, 896, 2177, 1421, 644, 1918, 1092, 1876, 672, 2198, 1631, 483, 308, 819, 1407, 504, 518, 658, 2058, 231, 49, 490, 378, 1519, 1624, 413, 1869, 602, 1498, 1414, 574, 1218, 875, 1967, 1582, 2254, 2191, 1561, 2044, 91, 910, 56, 560, 1078, 1736, 1533, 1764, 1813, 42, 420, 1939, 1302, 1715, 1323, 1925, 1162, 315, 889, 2107, 721, 427, 2009, 2002, 1932, 1232, 1015, 1106, 2016, 2072, 371, 1449, 924, 196, 1960, 1512, 1554, 1974, 1652, 693, 147, 1470, 1134, 35, 350, 1239, 1085, 1806, 2233, 1981, 1722, 1393, 364, 1379, 224, 2240, 2051, 161, 1610, 273, 469, 168, 1680, 973, 686, 77, 770, 917, 126, 1260, 1295, 1645, 623, 1708, 1253, 1225, 945, 406, 1799, 2163, 1281, 1505, 1484, 1274, 1435, 784, 1057, 1526, 1694, 1113, 2086, 511, 588, 1358]]
[17, {3: 1, 5: 1}, [17, 170, 1700, 1173, 425, 1989, 1802, 2193, 1581, 2244, 2091, 561, 1088, 1836, 272, 459, 68, 680, 17, 170, 1700, 1173, 425, 1989, 1802, 2193, 1581, 2244, 2091, 561, 1088, 1836, 272, 459, 68, 680, 17, 170, 1700, 1173, 425, 1989, 1802, 2193, 1581, 2244, 2091, 561, 1088, 1836, 272, 459, 68, 680, 17, 170, 1700, 1173, 425, 1989, 1802, 2193, 1581, 2244, 2091, 561, 1088, 1836, 272, 459, 68, 680, 17, 170, 1700, 1173, 425, 1989, 1802, 2193, 1581, 2244, 2091, 561, 1088, 1836, 272, 459, 68, 680, 17, 170, 1700, 1173, 425, 1989, 1802, 2193, 1581, 2244, 2091, 561, 1088, 1836, 272, 459, 68, 680, 17, 170, 1700, 1173, 425, 1989, 1802, 2193, 1581, 2244, 2091, 561, 1088, 1836, 272, 459, 68, 680, 17, 170, 1700, 1173, 425, 1989, 1802, 2193, 1581, 2244, 2091, 561, 1088, 1836, 272, 459, 68, 680]]
[18, {3: 1, 5: 1}, [18, 180, 1800, 2173, 1381, 244, 179, 1790, 2073, 381, 1549, 1924, 1152, 215, 2150, 1151, 205, 2050, 151, 1510, 1534, 1774, 1913, 1042, 1376, 194, 1940, 1312, 1815, 62, 620, 1678, 953, 486, 338, 1119, 2146, 1111, 2066, 311, 849, 1707, 1243, 1125, 2206, 1711, 1283, 1525, 1684, 1013, 1086, 1816, 72, 720, 417, 1909, 1002, 976, 716, 377, 1509, 1524, 1674, 913, 86, 860, 1817, 82, 820, 1417, 604, 1518, 1614, 313, 869, 1907, 982, 776, 977, 726, 477, 248, 219, 2190, 1551, 1944, 1352, 2215, 1801, 2183, 1481, 1244, 1135, 45, 450, 2239, 2041, 61, 610, 1578, 2214, 1791, 2083, 481, 288, 619, 1668, 853, 1747, 1643, 603, 1508, 1514, 1574, 2174, 1391, 344, 1179, 485, 328, 1019, 1146, 155, 1550, 1934, 1252, 1215, 845, 1667, 843, 1647, 643, 1908, 992, 876, 1977, 1682, 993, 886, 2077, 421, 1949, 1402, 454]]
[19, {3: 0, 5: 0}, [19, 190, 1900, 912, 76, 760, 817, 1387, 304, 779, 1007, 1026, 1216, 855, 1767, 1843, 342, 1159, 285, 589, 1368, 114, 1140, 95, 950, 456, 38, 380, 1539, 1824, 152, 1520, 1634, 513, 608, 1558, 2014, 2052, 171, 1710, 1273, 1425, 684, 57, 570, 1178, 475, 228, 19, 190, 1900, 912, 76, 760, 817, 1387, 304, 779, 1007, 1026, 1216, 855, 1767, 1843, 342, 1159, 285, 589, 1368, 114, 1140, 95, 950, 456, 38, 380, 1539, 1824, 152, 1520, 1634, 513, 608, 1558, 2014, 2052, 171, 1710, 1273, 1425, 684, 57, 570, 1178, 475, 228, 19, 190, 1900, 912, 76, 760, 817, 1387, 304, 779, 1007, 1026, 1216, 855, 1767, 1843, 342, 1159, 285, 589, 1368, 114, 1140, 95, 950, 456, 38, 380, 1539, 1824, 152, 1520, 1634, 513, 608, 1558, 2014, 2052, 171, 1710, 1273, 1425, 684, 57, 570, 1178, 475, 228]]
[22, {3: 1, 5: 1}, [22, 220, 2200, 1651, 683, 47, 470, 178, 1780, 1973, 1642, 593, 1408, 514, 618, 1658, 753, 747, 687, 87, 870, 1917, 1082, 1776, 1933, 1242, 1115, 2106, 711, 327, 1009, 1046, 1416, 594, 1418, 614, 1618, 353, 1269, 1385, 284, 579, 1268, 1375, 184, 1840, 312, 859, 1807, 2243, 2081, 461, 88, 880, 2017, 2082, 471, 188, 1880, 712, 337, 1109, 2046, 111, 1110, 2056, 211, 2110, 751, 727, 487, 348, 1219, 885, 2067, 321, 949, 446, 2199, 1641, 583, 1308, 1775, 1923, 1142, 115, 1150, 195, 1950, 1412, 554, 1018, 1136, 55, 550, 978, 736, 577, 1248, 1175, 445, 2189, 1541, 1844, 352, 1259, 1285, 1545, 1884, 752, 737, 587, 1348, 2175, 1401, 444, 2179, 1441, 844, 1657, 743, 647, 1948, 1392, 354, 1279, 1485, 1284, 1535, 1784, 2013, 2042, 71, 710, 317, 909, 46, 460, 78, 780, 1017, 1126, 2216, 1811]]
[26, {3: 1, 5: 1}, [26, 260, 339, 1129, 2246, 2111, 761, 827, 1487, 1304, 1735, 1523, 1664, 813, 1347, 2165, 1301, 1705, 1223, 925, 206, 2060, 251, 249, 229, 29, 290, 639, 1868, 592, 1398, 414, 1879, 702, 237, 109, 1090, 1856, 472, 198, 1980, 1712, 1293, 1625, 423, 1969, 1602, 193, 1930, 1212, 815, 1367, 104, 1040, 1356, 2255, 2201, 1661, 783, 1047, 1426, 694, 157, 1570, 2134, 991, 866, 1877, 682, 37, 370, 1439, 824, 1457, 1004, 996, 916, 116, 1160, 295, 689, 107, 1070, 1656, 733, 547, 948, 436, 2099, 641, 1888, 792, 1137, 65, 650, 1978, 1692, 1093, 1886, 772, 937, 326, 999, 946, 416, 1899, 902, 2237, 2021, 2122, 871, 1927, 1182, 515, 628, 1758, 1753, 1703, 1203, 725, 467, 148, 1480, 1234, 1035, 1306, 1755, 1723, 1403, 464, 118, 1180, 495, 428, 2019, 2102, 671, 2188, 1531, 1744, 1613, 303, 769, 907]]
[33, {3: 0, 5: 0}, [33, 330, 1039, 1346, 2155, 1201, 705, 267, 409, 1829, 202, 2020, 2112, 771, 927, 226, 2260, 2251, 2161, 1261, 1305, 1745, 1623, 403, 1769, 1863, 542, 898, 2197, 1621, 383, 1569, 2124, 891, 2127, 921, 166, 1660, 773, 947, 426, 1999, 1902, 932, 276, 499, 468, 158, 1580, 2234, 1991, 1822, 132, 1320, 1895, 862, 1837, 282, 559, 1068, 1636, 533, 808, 1297, 1665, 823, 1447, 904, 2257, 2221, 1861, 522, 698, 197, 1970, 1612, 293, 669, 2168, 1331, 2005, 1962, 1532, 1754, 1713, 1303, 1725, 1423, 664, 2118, 831, 1527, 1704, 1213, 825, 1467, 1104, 1996, 1872, 632, 1798, 2153, 1181, 505, 528, 758, 797, 1187, 565, 1128, 2236, 2011, 2022, 2132, 971, 666, 2138, 1031, 1266, 1355, 2245, 2101, 661, 2088, 531, 788, 1097, 1926, 1172, 415, 1889, 802, 1237, 1065, 1606, 233, 69, 690, 117, 1170, 395, 1689, 1063, 1586]]
[34, {3: 1, 5: 1}, [34, 340, 1139, 85, 850, 1717, 1343, 2125, 901, 2227, 1921, 1122, 2176, 1411, 544, 918, 136, 1360, 34, 340, 1139, 85, 850, 1717, 1343, 2125, 901, 2227, 1921, 1122, 2176, 1411, 544, 918, 136, 1360, 34, 340, 1139, 85, 850, 1717, 1343, 2125, 901, 2227, 1921, 1122, 2176, 1411, 544, 918, 136, 1360, 34, 340, 1139, 85, 850, 1717, 1343, 2125, 901, 2227, 1921, 1122, 2176, 1411, 544, 918, 136, 1360, 34, 340, 1139, 85, 850, 1717, 1343, 2125, 901, 2227, 1921, 1122, 2176, 1411, 544, 918, 136, 1360, 34, 340, 1139, 85, 850, 1717, 1343, 2125, 901, 2227, 1921, 1122, 2176, 1411, 544, 918, 136, 1360, 34, 340, 1139, 85, 850, 1717, 1343, 2125, 901, 2227, 1921, 1122, 2176, 1411, 544, 918, 136, 1360, 34, 340, 1139, 85, 850, 1717, 1343, 2125, 901, 2227, 1921, 1122, 2176, 1411, 544, 918, 136, 1360]]
[51, {3: 1, 5: 1}, [51, 510, 578, 1258, 1275, 1445, 884, 2057, 221, 2210, 1751, 1683, 1003, 986, 816, 1377, 204, 2040, 51, 510, 578, 1258, 1275, 1445, 884, 2057, 221, 2210, 1751, 1683, 1003, 986, 816, 1377, 204, 2040, 51, 510, 578, 1258, 1275, 1445, 884, 2057, 221, 2210, 1751, 1683, 1003, 986, 816, 1377, 204, 2040, 51, 510, 578, 1258, 1275, 1445, 884, 2057, 221, 2210, 1751, 1683, 1003, 986, 816, 1377, 204, 2040, 51, 510, 578, 1258, 1275, 1445, 884, 2057, 221, 2210, 1751, 1683, 1003, 986, 816, 1377, 204, 2040, 51, 510, 578, 1258, 1275, 1445, 884, 2057, 221, 2210, 1751, 1683, 1003, 986, 816, 1377, 204, 2040, 51, 510, 578, 1258, 1275, 1445, 884, 2057, 221, 2210, 1751, 1683, 1003, 986, 816, 1377, 204, 2040, 51, 510, 578, 1258, 1275, 1445, 884, 2057, 221, 2210, 1751, 1683, 1003, 986, 816, 1377, 204, 2040]]
[66, {3: 0, 5: 0}, [66, 660, 2078, 431, 2049, 141, 1410, 534, 818, 1397, 404, 1779, 1963, 1542, 1854, 452, 2259, 2241, 2061, 261, 349, 1229, 985, 806, 1277, 1465, 1084, 1796, 2133, 981, 766, 877, 1987, 1782, 1993, 1842, 332, 1059, 1546, 1894, 852, 1737, 1543, 1864, 552, 998, 936, 316, 899, 2207, 1721, 1383, 264, 379, 1529, 1724, 1413, 564, 1118, 2136, 1011, 1066, 1616, 333, 1069, 1646, 633, 1808, 2253, 2181, 1461, 1044, 1396, 394, 1679, 963, 586, 1338, 2075, 401, 1749, 1663, 803, 1247, 1165, 345, 1189, 585, 1328, 1975, 1662, 793, 1147, 165, 1650, 673, 2208, 1731, 1483, 1264, 1335, 2045, 101, 1010, 1056, 1516, 1594, 113, 1130, 2256, 2211, 1761, 1783, 2003, 1942, 1332, 2015, 2062, 271, 449, 2229, 1941, 1322, 1915, 1062, 1576, 2194, 1591, 83, 830, 1517, 1604, 213, 2130, 951, 466, 138, 1380, 234, 79, 790, 1117, 2126, 911]]
[102, {3: 1, 5: 1}, [102, 1020, 1156, 255, 289, 629, 1768, 1853, 442, 2159, 1241, 1105, 2006, 1972, 1632, 493, 408, 1819, 102, 1020, 1156, 255, 289, 629, 1768, 1853, 442, 2159, 1241, 1105, 2006, 1972, 1632, 493, 408, 1819, 102, 1020, 1156, 255, 289, 629, 1768, 1853, 442, 2159, 1241, 1105, 2006, 1972, 1632, 493, 408, 1819, 102, 1020, 1156, 255, 289, 629, 1768, 1853, 442, 2159, 1241, 1105, 2006, 1972, 1632, 493, 408, 1819, 102, 1020, 1156, 255, 289, 629, 1768, 1853, 442, 2159, 1241, 1105, 2006, 1972, 1632, 493, 408, 1819, 102, 1020, 1156, 255, 289, 629, 1768, 1853, 442, 2159, 1241, 1105, 2006, 1972, 1632, 493, 408, 1819, 102, 1020, 1156, 255, 289, 629, 1768, 1853, 442, 2159, 1241, 1105, 2006, 1972, 1632, 493, 408, 1819, 102, 1020, 1156, 255, 289, 629, 1768, 1853, 442, 2159, 1241, 1105, 2006, 1972, 1632, 493, 408, 1819]]
[119, {3: 0, 5: 0}, [119, 1190, 595, 1428, 714, 357, 1309, 1785, 2023, 2142, 1071, 1666, 833, 1547, 1904, 952, 476, 238, 119, 1190, 595, 1428, 714, 357, 1309, 1785, 2023, 2142, 1071, 1666, 833, 1547, 1904, 952, 476, 238, 119, 1190, 595, 1428, 714, 357, 1309, 1785, 2023, 2142, 1071, 1666, 833, 1547, 1904, 952, 476, 238, 119, 1190, 595, 1428, 714, 357, 1309, 1785, 2023, 2142, 1071, 1666, 833, 1547, 1904, 952, 476, 238, 119, 1190, 595, 1428, 714, 357, 1309, 1785, 2023, 2142, 1071, 1666, 833, 1547, 1904, 952, 476, 238, 119, 1190, 595, 1428, 714, 357, 1309, 1785, 2023, 2142, 1071, 1666, 833, 1547, 1904, 952, 476, 238, 119, 1190, 595, 1428, 714, 357, 1309, 1785, 2023, 2142, 1071, 1666, 833, 1547, 1904, 952, 476, 238, 119, 1190, 595, 1428, 714, 357, 1309, 1785, 2023, 2142, 1071, 1666, 833, 1547, 1904, 952, 476, 238]]
[133, {3: 0, 5: 0}, [133, 1330, 1995, 1862, 532, 798, 1197, 665, 2128, 931, 266, 399, 1729, 1463, 1064, 1596, 133, 1330, 1995, 1862, 532, 798, 1197, 665, 2128, 931, 266, 399, 1729, 1463, 1064, 1596, 133, 1330, 1995, 1862, 532, 798, 1197, 665, 2128, 931, 266, 399, 1729, 1463, 1064, 1596, 133, 1330, 1995, 1862, 532, 798, 1197, 665, 2128, 931, 266, 399, 1729, 1463, 1064, 1596, 133, 1330, 1995, 1862, 532, 798, 1197, 665, 2128, 931, 266, 399, 1729, 1463, 1064, 1596, 133, 1330, 1995, 1862, 532, 798, 1197, 665, 2128, 931, 266, 399, 1729, 1463, 1064, 1596, 133, 1330, 1995, 1862, 532, 798, 1197, 665, 2128, 931, 266, 399, 1729, 1463, 1064, 1596, 133, 1330, 1995, 1862, 532, 798, 1197, 665, 2128, 931, 266, 399, 1729, 1463, 1064, 1596, 133, 1330, 1995, 1862, 532, 798, 1197, 665, 2128, 931, 266, 399, 1729, 1463, 1064, 1596]]
[153, {3: 0, 5: 0}, [153, 1530, 1734, 1513, 1564, 2074, 391, 1649, 663, 2108, 731, 527, 748, 697, 187, 1870, 612, 1598, 153, 1530, 1734, 1513, 1564, 2074, 391, 1649, 663, 2108, 731, 527, 748, 697, 187, 1870, 612, 1598, 153, 1530, 1734, 1513, 1564, 2074, 391, 1649, 663, 2108, 731, 527, 748, 697, 187, 1870, 612, 1598, 153, 1530, 1734, 1513, 1564, 2074, 391, 1649, 663, 2108, 731, 527, 748, 697, 187, 1870, 612, 1598, 153, 1530, 1734, 1513, 1564, 2074, 391, 1649, 663, 2108, 731, 527, 748, 697, 187, 1870, 612, 1598, 153, 1530, 1734, 1513, 1564, 2074, 391, 1649, 663, 2108, 731, 527, 748, 697, 187, 1870, 612, 1598, 153, 1530, 1734, 1513, 1564, 2074, 391, 1649, 663, 2108, 731, 527, 748, 697, 187, 1870, 612, 1598, 153, 1530, 1734, 1513, 1564, 2074, 391, 1649, 663, 2108, 731, 527, 748, 697, 187, 1870, 612, 1598]]
[209, {3: 0, 5: 0}, [209, 2090, 551, 988, 836, 1577, 2204, 1691, 1083, 1786, 2033, 2242, 2071, 361, 1349, 2185, 1501, 1444, 874, 1957, 1482, 1254, 1235, 1045, 1406, 494, 418, 1919, 1102, 1976, 1672, 893, 2147, 1121, 2166, 1311, 1805, 2223, 1881, 722, 437, 2109, 741, 627, 1748, 1653, 703, 247, 209, 2090, 551, 988, 836, 1577, 2204, 1691, 1083, 1786, 2033, 2242, 2071, 361, 1349, 2185, 1501, 1444, 874, 1957, 1482, 1254, 1235, 1045, 1406, 494, 418, 1919, 1102, 1976, 1672, 893, 2147, 1121, 2166, 1311, 1805, 2223, 1881, 722, 437, 2109, 741, 627, 1748, 1653, 703, 247, 209, 2090, 551, 988, 836, 1577, 2204, 1691, 1083, 1786, 2033, 2242, 2071, 361, 1349, 2185, 1501, 1444, 874, 1957, 1482, 1254, 1235, 1045, 1406, 494, 418, 1919, 1102, 1976, 1672, 893, 2147, 1121, 2166, 1311, 1805, 2223, 1881, 722, 437, 2109, 741, 627, 1748, 1653, 703, 247]]
[306, {3: 0, 5: 0}, [306, 799, 1207, 765, 867, 1887, 782, 1037, 1326, 1955, 1462, 1054, 1496, 1394, 374, 1479, 1224, 935, 306, 799, 1207, 765, 867, 1887, 782, 1037, 1326, 1955, 1462, 1054, 1496, 1394, 374, 1479, 1224, 935, 306, 799, 1207, 765, 867, 1887, 782, 1037, 1326, 1955, 1462, 1054, 1496, 1394, 374, 1479, 1224, 935, 306, 799, 1207, 765, 867, 1887, 782, 1037, 1326, 1955, 1462, 1054, 1496, 1394, 374, 1479, 1224, 935, 306, 799, 1207, 765, 867, 1887, 782, 1037, 1326, 1955, 1462, 1054, 1496, 1394, 374, 1479, 1224, 935, 306, 799, 1207, 765, 867, 1887, 782, 1037, 1326, 1955, 1462, 1054, 1496, 1394, 374, 1479, 1224, 935, 306, 799, 1207, 765, 867, 1887, 782, 1037, 1326, 1955, 1462, 1054, 1496, 1394, 374, 1479, 1224, 935, 306, 799, 1207, 765, 867, 1887, 782, 1037, 1326, 1955, 1462, 1054, 1496, 1394, 374, 1479, 1224, 935]]
[323, {3: 0, 5: 0}, [323, 969, 646, 1938, 1292, 1615, 323, 969, 646, 1938, 1292, 1615, 323, 969, 646, 1938, 1292, 1615, 323, 969, 646, 1938, 1292, 1615, 323, 969, 646, 1938, 1292, 1615, 323, 969, 646, 1938, 1292, 1615, 323, 969, 646, 1938, 1292, 1615, 323, 969, 646, 1938, 1292, 1615, 323, 969, 646, 1938, 1292, 1615, 323, 969, 646, 1938, 1292, 1615, 323, 969, 646, 1938, 1292, 1615, 323, 969, 646, 1938, 1292, 1615, 323, 969, 646, 1938, 1292, 1615, 323, 969, 646, 1938, 1292, 1615, 323, 969, 646, 1938, 1292, 1615, 323, 969, 646, 1938, 1292, 1615, 323, 969, 646, 1938, 1292, 1615, 323, 969, 646, 1938, 1292, 1615, 323, 969, 646, 1938, 1292, 1615, 323, 969, 646, 1938, 1292, 1615, 323, 969, 646, 1938, 1292, 1615, 323, 969, 646, 1938, 1292, 1615, 323, 969, 646, 1938, 1292, 1615, 323, 969, 646, 1938, 1292, 1615]]
