[1, {2: 0, 19: 0}, [1, 10, 100, 76, 67, 208]]
[2, {2: 1, 19: 1}, [2, 20, 200, 152, 134, 185]]
[4, {2: 1, 19: 0}, [4, 40, 169, 73, 37, 139]]
[5, {2: 1, 19: 1}, [5, 50, 38, 149, 104, 116]]
[8, {2: 1, 19: 1}, [8, 80, 107, 146, 74, 47]]
[13, {2: 1, 19: 0}, [13, 130, 145, 64, 178, 163]]
[16, {2: 1, 19: 0}, [16, 160, 214, 61, 148, 94]]
[17, {2: 1, 19: 1}, [17, 170, 83, 137, 215, 71]]
[19, {2: 1, 19: 0}, [19, 190, 52, 58, 118, 25]]
[23, {2: 1, 19: 1}, [23, 230, 221, 131, 155, 164]]
[26, {2: 1, 19: 1}, [26, 29, 59, 128, 125, 95]]
[31, {2: 1, 19: 1}, [31, 79, 97, 46, 229, 211]]
[32, {2: 1, 19: 0}, [32, 89, 197, 122, 65, 188]]
[34, {2: 1, 19: 1}, [34, 109, 166, 43, 199, 142]]
[41, {2: 1, 19: 1}, [41, 179, 173, 113, 206, 212]]
[53, {2: 1, 19: 1}, [53, 68, 218, 101, 86, 167]]
[62, {2: 1, 19: 1}, [62, 158, 194, 92, 227, 191]]
[82, {2: 1, 19: 1}, [82, 127, 115, 226, 181, 193]]
[85, {2: 1, 19: 1}, [85, 157, 184, 223, 151, 124]]
[103, {2: 1, 19: 1}, [103, 106, 136, 205, 202, 172]]

[3, {2: 1, 19: 1}, [3, 30, 69, 228, 201, 162]]
[6, {2: 1, 19: 0}, [6, 60, 138, 225, 171, 93]]
[9, {2: 1, 19: 0}, [9, 90, 207, 222, 141, 24]]
[12, {2: 1, 19: 0}, [12, 120, 45, 219, 111, 186]]
[15, {2: 1, 19: 0}, [15, 150, 114, 216, 81, 117]]
[18, {2: 1, 19: 1}, [18, 180, 183, 213, 51, 48]]
[21, {2: 0, 19: 0}, [21, 210, 21, 210, 21, 210]]
[27, {2: 1, 19: 1}, [27, 39, 159, 204, 192, 72]]
[33, {2: 0, 19: 0}, [33, 99, 66, 198, 132, 165]]
[36, {2: 1, 19: 0}, [36, 129, 135, 195, 102, 96]]
[42, {2: 1, 19: 0}, [42, 189, 42, 189, 42, 189]]
[54, {2: 0, 19: 0}, [54, 78, 87, 177, 153, 144]]
[57, {2: 1, 19: 1}, [57, 108, 156, 174, 123, 75]]
[63, {2: 1, 19: 0}, [63, 168, 63, 168, 63, 168]]
[84, {2: 1, 19: 0}, [84, 147, 84, 147, 84, 147]]
[105, {2: 1, 19: 1}, [105, 126, 105, 126, 105, 126]]
[112, {2: 1, 19: 0}, [112, 196, 112, 196, 112, 196]]
[7, {2: 1, 19: 0}, [7, 70, 7, 70, 7, 70]]
[14, {2: 1, 19: 1}, [14, 140, 14, 140, 14, 140]]
[28, {2: 1, 19: 0}, [28, 49, 28, 49, 28, 49]]
[35, {2: 1, 19: 1}, [35, 119, 35, 119, 35, 119]]
[56, {2: 1, 19: 1}, [56, 98, 56, 98, 56, 98]]
[77, {2: 1, 19: 1}, [77, 77, 77, 77, 77, 77]]
[91, {2: 1, 19: 0}, [91, 217, 91, 217, 91, 217]]
[154, {2: 0, 19: 0}, [154, 154, 154, 154, 154, 154]]
[133, {2: 0, 19: 0}, [133, 175, 133, 175, 133, 175]]
[161, {2: 1, 19: 1}, [161, 224, 161, 224, 161, 224]]
[182, {2: 1, 19: 1}, [182, 203, 182, 203, 182, 203]]
[11, {2: 1, 19: 1}, [11, 110, 176, 143, 44, 209]]
[22, {2: 0, 19: 0}, [22, 220, 121, 55, 88, 187]]
